# Force coefficients
# liftDir       : (-6.97564740e-02 0.00000000e+00 9.97564050e-01)
# dragDir       : (9.97564050e-01 0.00000000e+00 6.97564740e-02)
# pitchAxis     : (0.00000000e+00 1.00000000e+00 0.00000000e+00)
# magUInf       : 2.50000000e+01
# lRef          : 6.41500000e-01
# Aref          : 2.60400000e+00
# CofR          : (1.07000000e+00 0.00000000e+00 0.00000000e+00)
# Time          	Cm              	Cd              	Cl              	Cl(f)           	Cl(r)           
0               	2.89937560e-05	4.98714440e-04	-2.95650807e-05	1.42112156e-05	-4.37762963e-05
1               	3.85050086e-04	4.94405151e-03	-3.24772732e-04	2.22663720e-04	-5.47436452e-04
2               	1.11374793e-03	1.18026436e-02	-1.36478706e-03	4.31354399e-04	-1.79614146e-03
3               	1.73715248e-03	1.81152802e-02	-2.23075844e-03	6.21773257e-04	-2.85253169e-03
4               	2.04343203e-03	2.15593557e-02	-2.65297149e-03	7.16946291e-04	-3.36991778e-03
5               	2.10834761e-03	2.18717372e-02	-2.78309482e-03	7.16800202e-04	-3.49989502e-03
6               	2.00658533e-03	2.01230812e-02	-2.64973799e-03	6.81716337e-04	-3.33145432e-03
7               	1.91481596e-03	1.80967648e-02	-2.65320797e-03	5.88211976e-04	-3.24141994e-03
8               	1.93781413e-03	1.73760562e-02	-2.93866345e-03	4.68482403e-04	-3.40714586e-03
9               	2.06946575e-03	1.83721164e-02	-3.36412050e-03	3.87405498e-04	-3.75152600e-03
10              	2.34201057e-03	2.12650891e-02	-4.00710625e-03	3.38457448e-04	-4.34556370e-03
11              	2.64892604e-03	2.49391552e-02	-4.50348812e-03	3.97181981e-04	-4.90067010e-03
12              	2.93793933e-03	2.82208783e-02	-4.74150921e-03	5.67184725e-04	-5.30869393e-03
13              	3.18764568e-03	3.01863161e-02	-4.80134464e-03	7.86973366e-04	-5.58831800e-03
14              	3.42499895e-03	3.13837181e-02	-4.64982910e-03	1.10008440e-03	-5.74991350e-03
15              	3.63093166e-03	3.18392630e-02	-4.36157411e-03	1.45014460e-03	-5.81171871e-03
16              	3.83086862e-03	3.20385553e-02	-4.09434078e-03	1.78369823e-03	-5.87803901e-03
17              	4.04712082e-03	3.24800068e-02	-3.89689231e-03	2.09867467e-03	-5.99556698e-03
18              	4.29790001e-03	3.33919310e-02	-3.74235198e-03	2.42672402e-03	-6.16907600e-03
19              	4.60228468e-03	3.48098391e-02	-3.57574579e-03	2.81441178e-03	-6.39015757e-03
20              	4.92140466e-03	3.63943332e-02	-3.27521495e-03	3.28379718e-03	-6.55901213e-03
21              	5.22025776e-03	3.77728309e-02	-2.79388324e-03	3.82331615e-03	-6.61719938e-03
22              	5.49057653e-03	3.88676809e-02	-2.03834109e-03	4.47140599e-03	-6.50974708e-03
23              	5.72447608e-03	3.96332636e-02	-1.00308435e-03	5.22293390e-03	-6.22601825e-03
24              	5.93507613e-03	4.01473201e-02	1.54779444e-04	6.01246586e-03	-5.85768641e-03
25              	6.14830843e-03	4.05929428e-02	1.28645216e-03	6.79153451e-03	-5.50508235e-03
26              	6.38357844e-03	4.11269540e-02	2.32567480e-03	7.54641584e-03	-5.22074104e-03
27              	6.66181117e-03	4.18537122e-02	3.42036283e-03	8.37199258e-03	-4.95162976e-03
28              	6.96129680e-03	4.27265274e-02	4.56108013e-03	9.24183687e-03	-4.68075674e-03
29              	7.26456339e-03	4.36280465e-02	5.79809048e-03	1.01636086e-02	-4.36551815e-03
30              	7.56062591e-03	4.44376071e-02	7.17872219e-03	1.11499870e-02	-3.97126481e-03
31              	7.84605712e-03	4.50860034e-02	8.73246473e-03	1.22122895e-02	-3.47982475e-03
32              	8.12608065e-03	4.55627465e-02	1.04568991e-02	1.33545302e-02	-2.89763111e-03
33              	8.41031190e-03	4.59038156e-02	1.23294488e-02	1.45750363e-02	-2.24558751e-03
34              	8.70354929e-03	4.61624596e-02	1.43382209e-02	1.58726598e-02	-1.53443883e-03
35              	9.00785027e-03	4.63795769e-02	1.64796034e-02	1.72476520e-02	-7.68048568e-04
36              	9.32083224e-03	4.65729962e-02	1.87717837e-02	1.87067241e-02	6.50595939e-05
37              	9.63104345e-03	4.67395949e-02	2.12624168e-02	2.02622518e-02	1.00016494e-03
38              	9.92630551e-03	4.68636400e-02	2.39987229e-02	2.19256669e-02	2.07305593e-03
39              	1.01984178e-02	4.69322359e-02	2.70138163e-02	2.37053260e-02	3.30849031e-03
40              	1.04360496e-02	4.69397985e-02	3.03352248e-02	2.56036620e-02	4.73156281e-03
41              	1.06304845e-02	4.68924273e-02	3.39852126e-02	2.76230909e-02	6.36212178e-03
42              	1.07812746e-02	4.68036815e-02	3.79545783e-02	2.97585638e-02	8.19601454e-03
43              	1.08881596e-02	4.66859974e-02	4.22272753e-02	3.20017972e-02	1.02254780e-02
44              	1.09508904e-02	4.65461713e-02	4.67862316e-02	3.43440062e-02	1.24422254e-02
45              	1.09717632e-02	4.63874325e-02	5.16177324e-02	3.67806294e-02	1.48371030e-02
46              	1.09510425e-02	4.62121019e-02	5.67109335e-02	3.93065092e-02	1.74044242e-02
47              	1.08905027e-02	4.60200618e-02	6.20480137e-02	4.19145095e-02	2.01335042e-02
48              	1.07932262e-02	4.58108059e-02	6.76045355e-02	4.45954939e-02	2.30090416e-02
49              	1.06661861e-02	4.55839507e-02	7.33343294e-02	4.73333508e-02	2.60009786e-02
50              	1.05183648e-02	4.53398601e-02	7.91744281e-02	5.01055789e-02	2.90688493e-02
51              	1.03582049e-02	4.50771985e-02	8.50560014e-02	5.28862057e-02	3.21697958e-02
52              	1.01951305e-02	4.47924687e-02	9.09124059e-02	5.56513334e-02	3.52610725e-02
53              	1.00768588e-02	4.45131950e-02	9.64606952e-02	5.83072064e-02	3.81534888e-02
54              	9.94607524e-03	4.41986417e-02	1.02076336e-01	6.09842430e-02	4.10920925e-02
55              	9.80543170e-03	4.38476467e-02	1.07677743e-01	6.36443032e-02	4.40334398e-02
56              	9.67581518e-03	4.34728908e-02	1.13155548e-01	6.62535892e-02	4.69019588e-02
57              	9.57307428e-03	4.30837386e-02	1.18370762e-01	6.87584554e-02	4.96123069e-02
58              	9.51129855e-03	4.26930359e-02	1.23268174e-01	7.11453855e-02	5.21227884e-02
59              	9.48893727e-03	4.23045670e-02	1.27806689e-01	7.33922817e-02	5.44144071e-02
60              	9.53202559e-03	4.19663788e-02	1.31842857e-01	7.54534540e-02	5.63894028e-02
61              	9.56483901e-03	4.15969899e-02	1.35748196e-01	7.74389372e-02	5.83092591e-02
62              	9.57795733e-03	4.11947213e-02	1.39537888e-01	7.93469012e-02	6.01909865e-02
63              	9.57215470e-03	4.07674143e-02	1.43150238e-01	8.11472739e-02	6.20029645e-02
64              	9.55830111e-03	4.03342759e-02	1.46512119e-01	8.28143605e-02	6.36977583e-02
65              	9.54617814e-03	3.99099710e-02	1.49553974e-01	8.43231651e-02	6.52308089e-02
66              	9.54007533e-03	3.95050248e-02	1.52242115e-01	8.56611327e-02	6.65809820e-02
67              	9.53655521e-03	3.91226902e-02	1.54583462e-01	8.68282864e-02	6.77551759e-02
68              	9.52472458e-03	3.87594209e-02	1.56620522e-01	8.78349855e-02	6.87855364e-02
69              	9.49287388e-03	3.84114290e-02	1.58409445e-01	8.86975963e-02	6.97118485e-02
70              	9.43163166e-03	3.80751654e-02	1.60000616e-01	8.94319399e-02	7.05686765e-02
71              	9.33666810e-03	3.77508671e-02	1.61423708e-01	9.00485223e-02	7.13751861e-02
72              	9.20511294e-03	3.74426703e-02	1.62693590e-01	9.05519082e-02	7.21416823e-02
73              	9.03460962e-03	3.71566722e-02	1.63816376e-01	9.09427975e-02	7.28735783e-02
74              	8.82512122e-03	3.68919464e-02	1.64789895e-01	9.12200686e-02	7.35698261e-02
75              	8.57705222e-03	3.66479792e-02	1.65624956e-01	9.13895302e-02	7.42354257e-02
76              	8.29194864e-03	3.64228303e-02	1.66332738e-01	9.14583177e-02	7.48744204e-02
77              	7.97139681e-03	3.62151846e-02	1.66933245e-01	9.14380193e-02	7.54952257e-02
78              	7.61735644e-03	3.60246779e-02	1.67451378e-01	9.13430454e-02	7.61083325e-02
79              	7.23463496e-03	3.58503730e-02	1.67905815e-01	9.11875426e-02	7.67182727e-02
80              	6.82767360e-03	3.56915693e-02	1.68310512e-01	9.09829297e-02	7.73275825e-02
81              	6.40078414e-03	3.55471753e-02	1.68671868e-01	9.07367181e-02	7.79351498e-02
82              	5.96248100e-03	3.54148708e-02	1.68988150e-01	9.04565560e-02	7.85315940e-02
83              	5.51899896e-03	3.52937288e-02	1.69263650e-01	9.01508240e-02	7.91128261e-02
84              	5.08106900e-03	3.51793984e-02	1.69489749e-01	8.98259437e-02	7.96638057e-02
85              	4.65577746e-03	3.50704919e-02	1.69663786e-01	8.94876704e-02	8.01761155e-02
86              	4.24963553e-03	3.49662260e-02	1.69786476e-01	8.91428735e-02	8.06436025e-02
87              	3.87083654e-03	3.48666095e-02	1.69860846e-01	8.88012597e-02	8.10595866e-02
88              	3.52855598e-03	3.47720573e-02	1.69892107e-01	8.84746095e-02	8.14174975e-02
89              	3.22661722e-03	3.46837201e-02	1.69890922e-01	8.81720783e-02	8.17188439e-02
90              	2.96897073e-03	3.46022470e-02	1.69863290e-01	8.79006157e-02	8.19626742e-02
91              	2.75809084e-03	3.45264809e-02	1.69808239e-01	8.76622103e-02	8.21460287e-02
92              	2.59373307e-03	3.44551943e-02	1.69726514e-01	8.74569901e-02	8.22695239e-02
93              	2.47548584e-03	3.43866026e-02	1.69616597e-01	8.72837844e-02	8.23328128e-02
94              	2.40460494e-03	3.43192146e-02	1.69478471e-01	8.71438407e-02	8.23346308e-02
95              	2.38279324e-03	3.42522348e-02	1.69316121e-01	8.70408536e-02	8.22752671e-02
96              	2.41413578e-03	3.41846058e-02	1.69129521e-01	8.69788964e-02	8.21506249e-02
97              	2.50112978e-03	3.41167481e-02	1.68924199e-01	8.69632292e-02	8.19609697e-02
98              	2.64443073e-03	3.40493738e-02	1.68706469e-01	8.69976652e-02	8.17088037e-02
99              	2.84138881e-03	3.39829545e-02	1.68482075e-01	8.70824261e-02	8.13996485e-02
100             	3.08807800e-03	3.39180155e-02	1.68258233e-01	8.72171947e-02	8.10410387e-02
101             	3.37675123e-03	3.38546416e-02	1.68044263e-01	8.73988829e-02	8.06453804e-02
102             	3.70002488e-03	3.37925676e-02	1.67848172e-01	8.76241111e-02	8.02240614e-02
103             	4.05537079e-03	3.37301654e-02	1.67669680e-01	8.78902106e-02	7.97794690e-02
104             	4.43319713e-03	3.36682336e-02	1.67522697e-01	8.81945457e-02	7.93281514e-02
105             	4.83136223e-03	3.36048728e-02	1.67405031e-01	8.85338777e-02	7.88711532e-02
106             	5.24201620e-03	3.35406592e-02	1.67327052e-01	8.89055422e-02	7.84215098e-02
107             	5.66275555e-03	3.34742472e-02	1.67285485e-01	8.93054979e-02	7.79799868e-02
108             	6.08488113e-03	3.34072230e-02	1.67292299e-01	8.97310308e-02	7.75612685e-02
109             	6.50303071e-03	3.33401578e-02	1.67352124e-01	9.01790927e-02	7.71730313e-02
110             	6.90719346e-03	3.32748623e-02	1.67479936e-01	9.06471616e-02	7.68327747e-02
111             	7.29836822e-03	3.32104112e-02	1.67674142e-01	9.11354394e-02	7.65387029e-02
112             	7.67568385e-03	3.31461126e-02	1.67929319e-01	9.16403432e-02	7.62889755e-02
113             	7.98188685e-03	3.30006710e-02	1.68142321e-01	9.20530475e-02	7.60892738e-02
114             	8.26823422e-03	3.28034205e-02	1.68346458e-01	9.24414634e-02	7.59049950e-02
115             	8.56395049e-03	3.26133696e-02	1.68587113e-01	9.28575069e-02	7.57296059e-02
116             	8.88173519e-03	3.24774827e-02	1.68903260e-01	9.33333652e-02	7.55698948e-02
117             	9.22253381e-03	3.24072384e-02	1.69317266e-01	9.38811667e-02	7.54360991e-02
118             	9.57880785e-03	3.23933214e-02	1.69830674e-01	9.44941448e-02	7.53365291e-02
119             	9.93870437e-03	3.24081624e-02	1.70414463e-01	9.51459358e-02	7.52685271e-02
120             	1.02963028e-02	3.24177145e-02	1.71031970e-01	9.58122880e-02	7.52196824e-02
121             	1.06603900e-02	3.23947104e-02	1.71634323e-01	9.64775515e-02	7.51567715e-02
122             	1.10407673e-02	3.23320898e-02	1.72201774e-01	9.71416543e-02	7.50601198e-02
123             	1.14644806e-02	3.22308942e-02	1.72745179e-01	9.78370700e-02	7.49081088e-02
124             	1.19576273e-02	3.21022945e-02	1.73271574e-01	9.85934144e-02	7.46781597e-02
125             	1.25308199e-02	3.19656840e-02	1.73782201e-01	9.94219203e-02	7.43602805e-02
126             	1.31837813e-02	3.18400995e-02	1.74282250e-01	1.00324906e-01	7.39573437e-02
127             	1.39170934e-02	3.17360448e-02	1.74762321e-01	1.01298254e-01	7.34640673e-02
128             	1.47241260e-02	3.16541945e-02	1.75212438e-01	1.02330345e-01	7.28820932e-02
129             	1.56032795e-02	3.15858688e-02	1.75612263e-01	1.03409411e-01	7.22028518e-02
130             	1.65537699e-02	3.15171296e-02	1.75950698e-01	1.04529119e-01	7.14215791e-02
131             	1.75807155e-02	3.14379626e-02	1.76229427e-01	1.05695429e-01	7.05339979e-02
132             	1.86897189e-02	3.13420485e-02	1.76457776e-01	1.06918607e-01	6.95391692e-02
133             	1.98865724e-02	3.12287351e-02	1.76638465e-01	1.08205805e-01	6.84326601e-02
134             	2.11722808e-02	3.11025472e-02	1.76765305e-01	1.09554933e-01	6.72103717e-02
135             	2.25305677e-02	3.09729764e-02	1.76840255e-01	1.10950695e-01	6.58895599e-02
136             	2.39270043e-02	3.08494178e-02	1.76880635e-01	1.12367322e-01	6.45133132e-02
137             	2.53366100e-02	3.07355888e-02	1.76891206e-01	1.13782213e-01	6.31089931e-02
138             	2.67343310e-02	3.06311793e-02	1.76887137e-01	1.15177899e-01	6.17092374e-02
139             	2.81053149e-02	3.05316331e-02	1.76881542e-01	1.16546086e-01	6.03354559e-02
140             	2.94495912e-02	3.04317275e-02	1.76881383e-01	1.17890283e-01	5.89911006e-02
141             	3.09063561e-02	3.03969830e-02	1.76936045e-01	1.19374379e-01	5.75616664e-02
142             	3.24332032e-02	3.03836737e-02	1.77035457e-01	1.20950932e-01	5.60845256e-02
143             	3.38404187e-02	3.03495531e-02	1.77134390e-01	1.22407613e-01	5.47267761e-02
144             	3.50208939e-02	3.02760654e-02	1.77199752e-01	1.23620770e-01	5.35789822e-02
145             	3.61067856e-02	3.01506998e-02	1.77243493e-01	1.24728532e-01	5.25149609e-02
146             	3.71758269e-02	2.99788331e-02	1.77272289e-01	1.25811971e-01	5.14603175e-02
147             	3.82512009e-02	2.97906360e-02	1.77306239e-01	1.26904320e-01	5.04019186e-02
148             	3.93251449e-02	2.96163555e-02	1.77363381e-01	1.28006835e-01	4.93565453e-02
149             	4.03745377e-02	2.94730446e-02	1.77458205e-01	1.29103640e-01	4.83545649e-02
150             	4.13755083e-02	2.93628530e-02	1.77590250e-01	1.30170633e-01	4.74196166e-02
151             	4.23375396e-02	2.92713765e-02	1.77778854e-01	1.31226967e-01	4.65518876e-02
152             	4.31713447e-02	2.91995065e-02	1.78005248e-01	1.32173969e-01	4.58312793e-02
153             	4.38993201e-02	2.91280708e-02	1.78253056e-01	1.33025848e-01	4.52272078e-02
154             	4.45598644e-02	2.90431011e-02	1.78514079e-01	1.33816904e-01	4.46971753e-02
155             	4.51832223e-02	2.89414262e-02	1.78796917e-01	1.34581681e-01	4.42152362e-02
156             	4.57819491e-02	2.88279276e-02	1.79104819e-01	1.35334359e-01	4.37704604e-02
157             	4.63486434e-02	2.87145333e-02	1.79446710e-01	1.36071998e-01	4.33747115e-02
158             	4.68695277e-02	2.86111683e-02	1.79825182e-01	1.36782119e-01	4.30430631e-02
159             	4.73301672e-02	2.85226559e-02	1.80236693e-01	1.37448514e-01	4.27881795e-02
160             	4.77206200e-02	2.84485420e-02	1.80679565e-01	1.38060402e-01	4.26191623e-02
161             	4.80441787e-02	2.83838147e-02	1.81142907e-01	1.38615632e-01	4.25272746e-02
162             	4.83110744e-02	2.83222681e-02	1.81623610e-01	1.39122879e-01	4.25007304e-02
163             	4.85396614e-02	2.82578957e-02	1.82113878e-01	1.39596600e-01	4.25172774e-02
164             	4.87305643e-02	2.81890472e-02	1.82619759e-01	1.40040444e-01	4.25793152e-02
165             	4.88818438e-02	2.81170540e-02	1.83146709e-01	1.40455198e-01	4.26915105e-02
166             	4.89856932e-02	2.80452621e-02	1.83701391e-01	1.40836389e-01	4.28650022e-02
167             	4.90339731e-02	2.79771963e-02	1.84284537e-01	1.41176242e-01	4.31082956e-02
168             	4.90175625e-02	2.79153353e-02	1.84901125e-01	1.41468125e-01	4.34330002e-02
169             	4.89365430e-02	2.78599602e-02	1.85549302e-01	1.41711194e-01	4.38381080e-02
170             	4.87961214e-02	2.78096947e-02	1.86226008e-01	1.41909125e-01	4.43168826e-02
171             	4.86002236e-02	2.77631901e-02	1.86934202e-01	1.42067325e-01	4.48668776e-02
172             	4.83522445e-02	2.77194166e-02	1.87679087e-01	1.42191788e-01	4.54872988e-02
173             	4.80591069e-02	2.76778545e-02	1.88458101e-01	1.42288158e-01	4.61699437e-02
174             	4.77199604e-02	2.76384002e-02	1.89279467e-01	1.42359694e-01	4.69197730e-02
175             	4.73325657e-02	2.76021831e-02	1.90150934e-01	1.42408033e-01	4.77429016e-02
176             	4.68972347e-02	2.75696554e-02	1.91072382e-01	1.42433426e-01	4.86389563e-02
177             	4.64242948e-02	2.75417830e-02	1.92032233e-01	1.42440411e-01	4.95918217e-02
178             	4.59220356e-02	2.75183428e-02	1.93029892e-01	1.42436982e-01	5.05929105e-02
179             	4.54061987e-02	2.74973630e-02	1.94052058e-01	1.42432228e-01	5.16198304e-02
180             	4.48873957e-02	2.74777802e-02	1.95091898e-01	1.42433345e-01	5.26585533e-02
181             	4.43774788e-02	2.74576812e-02	1.96137117e-01	1.42446037e-01	5.36910798e-02
182             	4.38878383e-02	2.74365085e-02	1.97178955e-01	1.42477316e-01	5.47016392e-02
183             	4.34290245e-02	2.74140049e-02	1.98206181e-01	1.42532115e-01	5.56740660e-02
184             	4.30042525e-02	2.73901105e-02	1.99214507e-01	1.42611506e-01	5.66030007e-02
185             	4.25999543e-02	2.73631510e-02	2.00231617e-01	1.42715763e-01	5.75158540e-02
186             	4.22377308e-02	2.73354475e-02	2.01206361e-01	1.42840911e-01	5.83654496e-02
187             	4.19222908e-02	2.73065345e-02	2.02137738e-01	1.42991160e-01	5.91465783e-02
188             	4.16570719e-02	2.72760190e-02	2.03032094e-01	1.43173119e-01	5.98589750e-02
189             	4.14422449e-02	2.72440119e-02	2.03894500e-01	1.43389495e-01	6.05050053e-02
190             	4.12714310e-02	2.72108947e-02	2.04738181e-01	1.43640521e-01	6.10976594e-02
191             	4.11416773e-02	2.71767799e-02	2.05562319e-01	1.43922837e-01	6.16394821e-02
192             	4.10394986e-02	2.71417182e-02	2.06371721e-01	1.44225359e-01	6.21463618e-02
193             	4.09583136e-02	2.71058156e-02	2.07165256e-01	1.44540941e-01	6.26243141e-02
194             	4.08925525e-02	2.70692257e-02	2.07941523e-01	1.44863314e-01	6.30782089e-02
195             	4.08311273e-02	2.70322587e-02	2.08704822e-01	1.45183538e-01	6.35212839e-02
196             	4.07593751e-02	2.69962584e-02	2.09460312e-01	1.45489531e-01	6.39707810e-02
197             	4.06620342e-02	2.69622252e-02	2.10221705e-01	1.45772887e-01	6.44488182e-02
198             	4.05343252e-02	2.69303232e-02	2.10989585e-01	1.46029118e-01	6.49604672e-02
199             	4.03646438e-02	2.69025492e-02	2.11773464e-01	1.46251376e-01	6.55220884e-02
200             	4.01471722e-02	2.68784774e-02	2.12570517e-01	1.46432431e-01	6.61380861e-02
201             	3.98899265e-02	2.68573321e-02	2.13378104e-01	1.46578978e-01	6.67991255e-02
202             	3.96100875e-02	2.68385217e-02	2.14181143e-01	1.46700659e-01	6.74804838e-02
203             	3.93119215e-02	2.68214303e-02	2.14980899e-01	1.46802371e-01	6.81785282e-02
204             	3.89921121e-02	2.68070721e-02	2.15783097e-01	1.46883661e-01	6.88994366e-02
205             	3.86626992e-02	2.67947715e-02	2.16579313e-01	1.46952356e-01	6.96269574e-02
206             	3.83238934e-02	2.67844760e-02	2.17375596e-01	1.47011692e-01	7.03639047e-02
207             	3.79797656e-02	2.67751666e-02	2.18168512e-01	1.47064022e-01	7.11044904e-02
208             	3.76264328e-02	2.67676094e-02	2.18960515e-01	1.47106690e-01	7.18538248e-02
209             	3.72707853e-02	2.67599633e-02	2.19750736e-01	1.47146153e-01	7.26045827e-02
210             	3.69185066e-02	2.67532478e-02	2.20535874e-01	1.47186444e-01	7.33494305e-02
211             	3.65690553e-02	2.67465982e-02	2.21319140e-01	1.47228625e-01	7.40905147e-02
212             	3.62120556e-02	2.67427844e-02	2.22110407e-01	1.47267259e-01	7.48431481e-02
213             	3.58510229e-02	2.67404057e-02	2.22906590e-01	1.47304318e-01	7.56022720e-02
214             	3.54817248e-02	2.67412141e-02	2.23711174e-01	1.47337312e-01	7.63738622e-02
215             	3.51052722e-02	2.67438694e-02	2.24521521e-01	1.47366033e-01	7.71554884e-02
216             	3.47153767e-02	2.67498329e-02	2.25343300e-01	1.47387027e-01	7.79562735e-02
217             	3.43269968e-02	2.67567283e-02	2.26162504e-01	1.47408249e-01	7.87542554e-02
218             	3.39456699e-02	2.67648759e-02	2.26979883e-01	1.47435611e-01	7.95442714e-02
219             	3.35778367e-02	2.67731463e-02	2.27787333e-01	1.47471503e-01	8.03158298e-02
220             	3.32259824e-02	2.67823198e-02	2.28585751e-01	1.47518858e-01	8.10668932e-02
221             	3.28901137e-02	2.67917915e-02	2.29367384e-01	1.47573806e-01	8.17935782e-02
222             	3.25588804e-02	2.68029601e-02	2.30145421e-01	1.47631591e-01	8.25138301e-02
223             	3.22322673e-02	2.68151266e-02	2.30914268e-01	1.47689402e-01	8.32248669e-02
224             	3.19035615e-02	2.68295963e-02	2.31684810e-01	1.47745966e-01	8.39388435e-02
225             	3.15999773e-02	2.68098018e-02	2.32424875e-01	1.47812415e-01	8.46124603e-02
226             	3.13003940e-02	2.67824148e-02	2.33169921e-01	1.47885355e-01	8.52845665e-02
227             	3.09951403e-02	2.67689794e-02	2.33928799e-01	1.47959540e-01	8.59692593e-02
228             	3.06550722e-02	2.68141153e-02	2.34731709e-01	1.48020927e-01	8.67107822e-02
229             	3.03230123e-02	2.68574437e-02	2.35516250e-01	1.48081137e-01	8.74351125e-02
230             	2.99957055e-02	2.68901289e-02	2.36291347e-01	1.48141379e-01	8.81499682e-02
231             	2.96757355e-02	2.69075793e-02	2.37053459e-01	1.48202465e-01	8.88509942e-02
232             	2.93588750e-02	2.69172690e-02	2.37810835e-01	1.48264292e-01	8.95465423e-02
233             	2.90281708e-02	2.69027385e-02	2.38548544e-01	1.48302443e-01	9.02461012e-02
234             	2.86819295e-02	2.68886125e-02	2.39294154e-01	1.48329007e-01	9.09651476e-02
235             	2.83443079e-02	2.68905428e-02	2.40031817e-01	1.48360217e-01	9.16716008e-02
236             	2.80242739e-02	2.69159319e-02	2.40757268e-01	1.48402908e-01	9.23543599e-02
237             	2.77179582e-02	2.69552832e-02	2.41488661e-01	1.48462288e-01	9.30263721e-02
238             	2.74174271e-02	2.69998392e-02	2.42229940e-01	1.48532397e-01	9.36975429e-02
239             	2.71290204e-02	2.70363080e-02	2.42956350e-01	1.48607196e-01	9.43491549e-02
240             	2.68411728e-02	2.70614409e-02	2.43680211e-01	1.48681279e-01	9.49989329e-02
241             	2.65661316e-02	2.70737346e-02	2.44388771e-01	1.48760517e-01	9.56282541e-02
242             	2.63107185e-02	2.70809103e-02	2.45054529e-01	1.48837983e-01	9.62165460e-02
243             	2.60703247e-02	2.70867732e-02	2.45697886e-01	1.48919268e-01	9.67786182e-02
244             	2.58357902e-02	2.70990103e-02	2.46339651e-01	1.49005616e-01	9.73340355e-02
245             	2.56155063e-02	2.71162327e-02	2.46966223e-01	1.49098618e-01	9.78676051e-02
246             	2.53935957e-02	2.71385313e-02	2.47602993e-01	1.49195092e-01	9.84079006e-02
247             	2.51844950e-02	2.71597842e-02	2.48223010e-01	1.49296000e-01	9.89270101e-02
248             	2.49791361e-02	2.71798201e-02	2.48840765e-01	1.49399518e-01	9.94412462e-02
249             	2.47861770e-02	2.71939738e-02	2.49441647e-01	1.49507001e-01	9.99346466e-02
250             	2.46017384e-02	2.72061529e-02	2.50033478e-01	1.49618477e-01	1.00415000e-01
251             	2.44328566e-02	2.72150086e-02	2.50598810e-01	1.49732262e-01	1.00866549e-01
252             	2.42632129e-02	2.72248413e-02	2.51166144e-01	1.49846285e-01	1.01319859e-01
253             	2.41049277e-02	2.72344752e-02	2.51715423e-01	1.49962639e-01	1.01752784e-01
254             	2.39469783e-02	2.72472431e-02	2.52263731e-01	1.50078844e-01	1.02184887e-01
255             	2.37919619e-02	2.72593510e-02	2.52801310e-01	1.50192617e-01	1.02608693e-01
256             	2.36342942e-02	2.72726830e-02	2.53338791e-01	1.50303690e-01	1.03035101e-01
257             	2.34890610e-02	2.72831311e-02	2.53849920e-01	1.50414021e-01	1.03435899e-01
258             	2.33337127e-02	2.72935998e-02	2.54373975e-01	1.50520700e-01	1.03853275e-01
259             	2.31845375e-02	2.73010597e-02	2.54881308e-01	1.50625191e-01	1.04256116e-01
260             	2.30292951e-02	2.73099021e-02	2.55390878e-01	1.50724734e-01	1.04666144e-01
261             	2.28701673e-02	2.73170973e-02	2.55894717e-01	1.50817526e-01	1.05077191e-01
262             	2.27065230e-02	2.73264069e-02	2.56392589e-01	1.50902818e-01	1.05489772e-01
263             	2.25473352e-02	2.73347409e-02	2.56865157e-01	1.50979914e-01	1.05885243e-01
264             	2.23766422e-02	2.73450926e-02	2.57340014e-01	1.51046649e-01	1.06293365e-01
265             	2.22035408e-02	2.73541421e-02	2.57800710e-01	1.51103896e-01	1.06696814e-01
266             	2.20126587e-02	2.73663326e-02	2.58275450e-01	1.51150384e-01	1.07125066e-01
267             	2.18148036e-02	2.73771173e-02	2.58746751e-01	1.51188179e-01	1.07558572e-01
268             	2.16053539e-02	2.73898936e-02	2.59225722e-01	1.51218215e-01	1.08007507e-01
269             	2.13965380e-02	2.74016052e-02	2.59692377e-01	1.51242726e-01	1.08449650e-01
270             	2.11761684e-02	2.74141630e-02	2.60166475e-01	1.51259406e-01	1.08907069e-01
271             	2.09568728e-02	2.74248498e-02	2.60623447e-01	1.51268597e-01	1.09354851e-01
272             	2.07262872e-02	2.74378627e-02	2.61085035e-01	1.51268805e-01	1.09816230e-01
273             	2.04898208e-02	2.74493742e-02	2.61539076e-01	1.51259359e-01	1.10279717e-01
274             	2.02423203e-02	2.74632359e-02	2.61999722e-01	1.51242182e-01	1.10757541e-01
275             	1.99906141e-02	2.74769775e-02	2.62455023e-01	1.51218125e-01	1.11236897e-01
276             	1.97261744e-02	2.74927635e-02	2.62925535e-01	1.51188942e-01	1.11736593e-01
277             	1.94677227e-02	2.75071442e-02	2.63379977e-01	1.51157711e-01	1.12222266e-01
278             	1.92064695e-02	2.75233097e-02	2.63835420e-01	1.51124180e-01	1.12711241e-01
279             	1.89465533e-02	2.75384828e-02	2.64284325e-01	1.51088716e-01	1.13195609e-01
280             	1.86813700e-02	2.75560917e-02	2.64739415e-01	1.51051077e-01	1.13688338e-01
281             	1.84227301e-02	2.75727591e-02	2.65180544e-01	1.51013002e-01	1.14167542e-01
282             	1.81569835e-02	2.75906874e-02	2.65631753e-01	1.50972860e-01	1.14658893e-01
283             	1.78983145e-02	2.76072257e-02	2.66069330e-01	1.50932979e-01	1.15136350e-01
284             	1.76354471e-02	2.76257506e-02	2.66513002e-01	1.50891948e-01	1.15621054e-01
285             	1.73748036e-02	2.76425943e-02	2.66950268e-01	1.50849938e-01	1.16100330e-01
286             	1.71121027e-02	2.76604658e-02	2.67389543e-01	1.50806874e-01	1.16582669e-01
287             	1.68604041e-02	2.76756916e-02	2.67806585e-01	1.50763697e-01	1.17042889e-01
288             	1.66022609e-02	2.76916105e-02	2.68231853e-01	1.50718187e-01	1.17513666e-01
289             	1.63522282e-02	2.77062693e-02	2.68641718e-01	1.50673087e-01	1.17968631e-01
290             	1.60987666e-02	2.77233957e-02	2.69056909e-01	1.50627221e-01	1.18429688e-01
291             	1.58516977e-02	2.77390523e-02	2.69461844e-01	1.50582620e-01	1.18879224e-01
292             	1.56033940e-02	2.77565311e-02	2.69869836e-01	1.50538312e-01	1.19331524e-01
293             	1.53655267e-02	2.77719682e-02	2.70260529e-01	1.50495791e-01	1.19764738e-01
294             	1.51163961e-02	2.77886921e-02	2.70666704e-01	1.50449748e-01	1.20216956e-01
295             	1.48756689e-02	2.78029663e-02	2.71056000e-01	1.50403669e-01	1.20652331e-01
296             	1.46308175e-02	2.78181565e-02	2.71446925e-01	1.50354280e-01	1.21092645e-01
297             	1.43888351e-02	2.78311605e-02	2.71827049e-01	1.50302360e-01	1.21524690e-01
298             	1.41416755e-02	2.78458666e-02	2.72208825e-01	1.50246088e-01	1.21962737e-01
299             	1.38967824e-02	2.78603756e-02	2.72579318e-01	1.50186442e-01	1.22392877e-01
300             	1.36397409e-02	2.78768239e-02	2.72962799e-01	1.50121140e-01	1.22841659e-01
301             	1.33893060e-02	2.78919676e-02	2.73330685e-01	1.50054649e-01	1.23276037e-01
302             	1.31326617e-02	2.79088745e-02	2.73703555e-01	1.49984439e-01	1.23719116e-01
303             	1.28754453e-02	2.79244138e-02	2.74071954e-01	1.49911423e-01	1.24160532e-01
304             	1.26125279e-02	2.79417494e-02	2.74445802e-01	1.49835429e-01	1.24610373e-01
305             	1.23554796e-02	2.79572092e-02	2.74804025e-01	1.49757492e-01	1.25046533e-01
306             	1.20862804e-02	2.79738221e-02	2.75175610e-01	1.49674085e-01	1.25501524e-01
307             	1.18256326e-02	2.79882336e-02	2.75529856e-01	1.49590561e-01	1.25939295e-01
308             	1.15570863e-02	2.80046669e-02	2.75891699e-01	1.49502936e-01	1.26388763e-01
309             	1.12919672e-02	2.80192619e-02	2.76243987e-01	1.49413961e-01	1.26830026e-01
310             	1.10191280e-02	2.80366109e-02	2.76605126e-01	1.49321691e-01	1.27283435e-01
311             	1.07554109e-02	2.80526171e-02	2.76947444e-01	1.49229133e-01	1.27718311e-01
312             	1.04823456e-02	2.80702027e-02	2.77301394e-01	1.49133042e-01	1.28168351e-01
313             	1.02164964e-02	2.80868126e-02	2.77643463e-01	1.49038228e-01	1.28605235e-01
314             	9.94753946e-03	2.81048769e-02	2.77990753e-01	1.48942916e-01	1.29047837e-01
315             	9.68163420e-03	2.81211970e-02	2.78334591e-01	1.48848930e-01	1.29485661e-01
316             	9.41374516e-03	2.81386826e-02	2.78682805e-01	1.48755148e-01	1.29927658e-01
317             	9.15538406e-03	2.81538161e-02	2.79015628e-01	1.48663198e-01	1.30352430e-01
318             	8.88934398e-03	2.81696721e-02	2.79359775e-01	1.48569231e-01	1.30790544e-01
319             	8.63607745e-03	2.81829604e-02	2.79682688e-01	1.48477422e-01	1.31205267e-01
320             	8.37442765e-03	2.81992453e-02	2.80018238e-01	1.48383547e-01	1.31634691e-01
321             	8.11925198e-03	2.82133132e-02	2.80341511e-01	1.48290007e-01	1.32051503e-01
322             	7.86263959e-03	2.82293605e-02	2.80669105e-01	1.48197192e-01	1.32471913e-01
323             	7.61885856e-03	2.82436603e-02	2.80978211e-01	1.48107964e-01	1.32870247e-01
324             	7.37113460e-03	2.82586563e-02	2.81296676e-01	1.48019472e-01	1.33277203e-01
325             	7.12603210e-03	2.82731936e-02	2.81610395e-01	1.47931230e-01	1.33679165e-01
326             	6.88233892e-03	2.82884209e-02	2.81925182e-01	1.47844930e-01	1.34080252e-01
327             	6.64308412e-03	2.83013612e-02	2.82232113e-01	1.47759141e-01	1.34472972e-01
328             	6.40564896e-03	2.83156180e-02	2.82540331e-01	1.47675814e-01	1.34864517e-01
329             	6.17983176e-03	2.83278709e-02	2.82829399e-01	1.47594531e-01	1.35234868e-01
330             	5.94292807e-03	2.83429083e-02	2.83140123e-01	1.47512990e-01	1.35627134e-01
331             	5.71882196e-03	2.83561230e-02	2.83432415e-01	1.47435030e-01	1.35997386e-01
332             	5.49560422e-03	2.83706994e-02	2.83726748e-01	1.47358978e-01	1.36367770e-01
333             	5.28006252e-03	2.83831197e-02	2.84009576e-01	1.47284850e-01	1.36724725e-01
334             	5.06600840e-03	2.83970418e-02	2.84291254e-01	1.47211635e-01	1.37079619e-01
335             	4.85961342e-03	2.84097375e-02	2.84561019e-01	1.47140123e-01	1.37420896e-01
336             	4.64909007e-03	2.84229560e-02	2.84839624e-01	1.47068902e-01	1.37770722e-01
337             	4.44783462e-03	2.84339549e-02	2.85101408e-01	1.46998539e-01	1.38102870e-01
338             	4.24603163e-03	2.84459754e-02	2.85364113e-01	1.46928088e-01	1.38436025e-01
339             	4.05188491e-03	2.84555782e-02	2.85615375e-01	1.46859572e-01	1.38755802e-01
340             	3.85733024e-03	2.84673111e-02	2.85871412e-01	1.46793036e-01	1.39078376e-01
341             	3.67324250e-03	2.84776811e-02	2.86111097e-01	1.46728791e-01	1.39382306e-01
342             	3.48173789e-03	2.84894627e-02	2.86362729e-01	1.46663102e-01	1.39699627e-01
343             	3.30205495e-03	2.84989983e-02	2.86594886e-01	1.46599498e-01	1.39995388e-01
344             	3.12211325e-03	2.85099955e-02	2.86830246e-01	1.46537236e-01	1.40293010e-01
345             	2.94283846e-03	2.85196119e-02	2.87061046e-01	1.46473361e-01	1.40587684e-01
346             	2.75738197e-03	2.85315004e-02	2.87298994e-01	1.46406879e-01	1.40892115e-01
347             	2.58194403e-03	2.85414617e-02	2.87518702e-01	1.46341295e-01	1.41177407e-01
348             	2.40602370e-03	2.85518249e-02	2.87745149e-01	1.46278598e-01	1.41466551e-01
349             	2.24036080e-03	2.85603598e-02	2.87955557e-01	1.46218139e-01	1.41737418e-01
350             	2.06840367e-03	2.85708059e-02	2.88174543e-01	1.46155675e-01	1.42018868e-01
351             	1.89996351e-03	2.85792323e-02	2.88387361e-01	1.46093644e-01	1.42293717e-01
352             	1.73252943e-03	2.85891841e-02	2.88602272e-01	1.46033665e-01	1.42568606e-01
353             	1.57487437e-03	2.85971322e-02	2.88798837e-01	1.45974293e-01	1.42824544e-01
354             	1.40599983e-03	2.86068275e-02	2.89010470e-01	1.45911235e-01	1.43099235e-01
355             	1.24573546e-03	2.86151328e-02	2.89208390e-01	1.45849931e-01	1.43358460e-01
356             	1.08794785e-03	2.86246173e-02	2.89408067e-01	1.45791981e-01	1.43616086e-01
357             	9.33992189e-04	2.86319707e-02	2.89599959e-01	1.45733972e-01	1.43865987e-01
358             	7.76818263e-04	2.86411666e-02	2.89797438e-01	1.45675537e-01	1.44121901e-01
359             	6.33104430e-04	2.86481236e-02	2.89975395e-01	1.45620802e-01	1.44354593e-01
360             	4.80664949e-04	2.86570188e-02	2.90170993e-01	1.45566162e-01	1.44604832e-01
361             	3.39658299e-04	2.86640768e-02	2.90348770e-01	1.45514044e-01	1.44834727e-01
362             	1.94181462e-04	2.86729807e-02	2.90531740e-01	1.45460051e-01	1.45071689e-01
363             	5.80392757e-05	2.86796163e-02	2.90702840e-01	1.45409459e-01	1.45293381e-01
364             	-8.00087504e-05	2.86886124e-02	2.90879601e-01	1.45359792e-01	1.45519809e-01
365             	-2.08477287e-04	2.86962412e-02	2.91043223e-01	1.45313134e-01	1.45730089e-01
366             	-3.43196920e-04	2.87048081e-02	2.91218840e-01	1.45266223e-01	1.45952617e-01
367             	-4.64920695e-04	2.87110284e-02	2.91376632e-01	1.45223395e-01	1.46153237e-01
368             	-5.90077244e-04	2.87188833e-02	2.91541353e-01	1.45180599e-01	1.46360754e-01
369             	-7.09138218e-04	2.87243007e-02	2.91696117e-01	1.45138920e-01	1.46557197e-01
370             	-8.29160513e-04	2.87315791e-02	2.91855064e-01	1.45098371e-01	1.46756692e-01
371             	-9.42501087e-04	2.87379215e-02	2.91999968e-01	1.45057483e-01	1.46942485e-01
372             	-1.06283079e-03	2.87455630e-02	2.92156254e-01	1.45015296e-01	1.47140958e-01
373             	-1.17033545e-03	2.87513210e-02	2.92294510e-01	1.44976920e-01	1.47317590e-01
374             	-1.27524832e-03	2.87580645e-02	2.92434297e-01	1.44941900e-01	1.47492397e-01
375             	-1.37862678e-03	2.87632059e-02	2.92569837e-01	1.44906292e-01	1.47663545e-01
376             	-1.48234829e-03	2.87701770e-02	2.92710332e-01	1.44872818e-01	1.47837514e-01
377             	-1.57264254e-03	2.87752454e-02	2.92834098e-01	1.44844406e-01	1.47989692e-01
378             	-1.67096187e-03	2.87813809e-02	2.92968274e-01	1.44813175e-01	1.48155099e-01
379             	-1.75990431e-03	2.87862257e-02	2.93088787e-01	1.44784489e-01	1.48304298e-01
380             	-1.84686841e-03	2.87923485e-02	2.93211141e-01	1.44758702e-01	1.48452439e-01
381             	-1.93186933e-03	2.87972410e-02	2.93330322e-01	1.44733292e-01	1.48597030e-01
382             	-2.02047266e-03	2.88039397e-02	2.93453705e-01	1.44706380e-01	1.48747325e-01
383             	-2.09811673e-03	2.88090433e-02	2.93560593e-01	1.44682180e-01	1.48878413e-01
384             	-2.18206552e-03	2.88151975e-02	2.93679048e-01	1.44657458e-01	1.49021589e-01
385             	-2.25490112e-03	2.88194898e-02	2.93781424e-01	1.44635811e-01	1.49145613e-01
386             	-2.33079795e-03	2.88249801e-02	2.93888435e-01	1.44613419e-01	1.49275015e-01
387             	-2.40655566e-03	2.88289151e-02	2.93992409e-01	1.44589649e-01	1.49402760e-01
388             	-2.47988489e-03	2.88338349e-02	2.94096360e-01	1.44568295e-01	1.49528065e-01
389             	-2.54406754e-03	2.88374977e-02	2.94188233e-01	1.44550049e-01	1.49638184e-01
390             	-2.61504204e-03	2.88422111e-02	2.94290344e-01	1.44530130e-01	1.49760214e-01
391             	-2.68186056e-03	2.88460488e-02	2.94380750e-01	1.44508514e-01	1.49872236e-01
392             	-2.74926686e-03	2.88512425e-02	2.94473945e-01	1.44487705e-01	1.49986239e-01
393             	-2.80941777e-03	2.88541607e-02	2.94557938e-01	1.44469551e-01	1.50088387e-01
394             	-2.87592007e-03	2.88595045e-02	2.94652679e-01	1.44450419e-01	1.50202259e-01
395             	-2.93551076e-03	2.88631705e-02	2.94732728e-01	1.44430853e-01	1.50301875e-01
396             	-2.99975534e-03	2.88674555e-02	2.94823595e-01	1.44412042e-01	1.50411553e-01
397             	-3.05148513e-03	2.88696120e-02	2.94897449e-01	1.44397239e-01	1.50500210e-01
398             	-3.10921527e-03	2.88737480e-02	2.94980066e-01	1.44380818e-01	1.50599248e-01
399             	-3.16741516e-03	2.88762796e-02	2.95057945e-01	1.44361558e-01	1.50696388e-01
400             	-3.22445286e-03	2.88799745e-02	2.95135819e-01	1.44343457e-01	1.50792362e-01
401             	-3.27333023e-03	2.88824954e-02	2.95201908e-01	1.44327624e-01	1.50874284e-01
402             	-3.33031112e-03	2.88862080e-02	2.95280503e-01	1.44309940e-01	1.50970563e-01
403             	-3.38254514e-03	2.88886655e-02	2.95347839e-01	1.44291374e-01	1.51056465e-01
404             	-3.43488319e-03	2.88920448e-02	2.95418569e-01	1.44274401e-01	1.51144168e-01
405             	-3.48463336e-03	2.88938409e-02	2.95488048e-01	1.44259391e-01	1.51228657e-01
406             	-3.53624805e-03	2.88970677e-02	2.95562093e-01	1.44244799e-01	1.51317295e-01
407             	-3.58231983e-03	2.88990706e-02	2.95624594e-01	1.44229977e-01	1.51394617e-01
408             	-3.63375070e-03	2.89020198e-02	2.95698217e-01	1.44215358e-01	1.51482859e-01
409             	-3.67667876e-03	2.89039256e-02	2.95760185e-01	1.44203414e-01	1.51556771e-01
410             	-3.72417844e-03	2.89076054e-02	2.95828376e-01	1.44190010e-01	1.51638366e-01
411             	-3.77094726e-03	2.89097064e-02	2.95891453e-01	1.44174779e-01	1.51716674e-01
412             	-3.81855397e-03	2.89132913e-02	2.95957855e-01	1.44160373e-01	1.51797481e-01
413             	-3.85638449e-03	2.89152958e-02	2.96010848e-01	1.44149039e-01	1.51861808e-01
414             	-3.89999338e-03	2.89180906e-02	2.96074356e-01	1.44137184e-01	1.51937171e-01
415             	-3.93996877e-03	2.89203627e-02	2.96130985e-01	1.44125524e-01	1.52005461e-01
416             	-3.98163850e-03	2.89241180e-02	2.96193280e-01	1.44115001e-01	1.52078278e-01
417             	-4.01957322e-03	2.89264936e-02	2.96252777e-01	1.44106815e-01	1.52145962e-01
418             	-4.05750072e-03	2.89300865e-02	2.96313252e-01	1.44099125e-01	1.52214127e-01
419             	-4.09059993e-03	2.89329038e-02	2.96363378e-01	1.44091089e-01	1.52272289e-01
420             	-4.12782427e-03	2.89360789e-02	2.96420391e-01	1.44082371e-01	1.52338020e-01
421             	-4.16099587e-03	2.89387730e-02	2.96470877e-01	1.44074443e-01	1.52396434e-01
422             	-4.19590295e-03	2.89423962e-02	2.96523930e-01	1.44066062e-01	1.52457868e-01
423             	-4.22851260e-03	2.89438582e-02	2.96570765e-01	1.44056870e-01	1.52513895e-01
424             	-4.26376121e-03	2.89468858e-02	2.96623583e-01	1.44048030e-01	1.52575553e-01
425             	-4.29074673e-03	2.89485059e-02	2.96665029e-01	1.44041768e-01	1.52623261e-01
426             	-4.32565777e-03	2.89511456e-02	2.96719208e-01	1.44033946e-01	1.52685262e-01
427             	-4.35475274e-03	2.89527654e-02	2.96762579e-01	1.44026537e-01	1.52736042e-01
428             	-4.38418394e-03	2.89554992e-02	2.96807683e-01	1.44019658e-01	1.52788025e-01
429             	-4.41286550e-03	2.89571399e-02	2.96851547e-01	1.44012908e-01	1.52838639e-01
430             	-4.44132044e-03	2.89599852e-02	2.96896875e-01	1.44007117e-01	1.52889758e-01
431             	-4.46180043e-03	2.89610033e-02	2.96925638e-01	1.44001018e-01	1.52924619e-01
432             	-4.49427596e-03	2.89634562e-02	2.96970535e-01	1.43990992e-01	1.52979543e-01
433             	-4.51951969e-03	2.89644986e-02	2.97004724e-01	1.43982842e-01	1.53021882e-01
434             	-4.54412612e-03	2.89662951e-02	2.97041983e-01	1.43976865e-01	1.53065118e-01
435             	-4.56982565e-03	2.89673994e-02	2.97084603e-01	1.43972476e-01	1.53112127e-01
436             	-4.59448441e-03	2.89694864e-02	2.97126611e-01	1.43968821e-01	1.53157790e-01
437             	-4.61374811e-03	2.89706666e-02	2.97157109e-01	1.43964806e-01	1.53192302e-01
438             	-4.63923714e-03	2.89728523e-02	2.97197208e-01	1.43959367e-01	1.53237841e-01
439             	-4.65780715e-03	2.89739885e-02	2.97225014e-01	1.43954700e-01	1.53270314e-01
440             	-4.67639750e-03	2.89760006e-02	2.97253585e-01	1.43950395e-01	1.53303190e-01
441             	-4.69455760e-03	2.89762817e-02	2.97278080e-01	1.43944483e-01	1.53333598e-01
442             	-4.72089863e-03	2.89789671e-02	2.97314903e-01	1.43936553e-01	1.53378350e-01
443             	-4.73965622e-03	2.89801172e-02	2.97340195e-01	1.43930441e-01	1.53409754e-01
444             	-4.76242711e-03	2.89816097e-02	2.97375849e-01	1.43925497e-01	1.53450352e-01
445             	-4.77758216e-03	2.89819837e-02	2.97402020e-01	1.43923428e-01	1.53478592e-01
446             	-4.79392586e-03	2.89835073e-02	2.97430505e-01	1.43921326e-01	1.53509178e-01
447             	-4.81178625e-03	2.89840816e-02	2.97458743e-01	1.43917585e-01	1.53541158e-01
448             	-4.83130361e-03	2.89863281e-02	2.97488520e-01	1.43912957e-01	1.53575564e-01
449             	-4.84262946e-03	2.89870841e-02	2.97503971e-01	1.43909356e-01	1.53594615e-01
450             	-4.86402594e-03	2.89893981e-02	2.97536455e-01	1.43904202e-01	1.53632254e-01
451             	-4.87907716e-03	2.89902368e-02	2.97556363e-01	1.43899104e-01	1.53657259e-01
452             	-4.89568077e-03	2.89916410e-02	2.97579258e-01	1.43893948e-01	1.53685310e-01
453             	-4.90893460e-03	2.89909621e-02	2.97598138e-01	1.43890135e-01	1.53708004e-01
454             	-4.92636757e-03	2.89922378e-02	2.97626474e-01	1.43886870e-01	1.53739605e-01
455             	-4.93697357e-03	2.89924375e-02	2.97644147e-01	1.43885100e-01	1.53759047e-01
456             	-4.95395598e-03	2.89936611e-02	2.97671655e-01	1.43881872e-01	1.53789784e-01
457             	-4.96668753e-03	2.89942624e-02	2.97689521e-01	1.43878073e-01	1.53811448e-01
458             	-4.98137445e-03	2.89959655e-02	2.97709420e-01	1.43873335e-01	1.53836084e-01
459             	-4.99459921e-03	2.89961271e-02	2.97725857e-01	1.43868329e-01	1.53857528e-01
460             	-5.00844968e-03	2.89972770e-02	2.97744249e-01	1.43863675e-01	1.53880574e-01
461             	-5.01736436e-03	2.89972299e-02	2.97754501e-01	1.43859886e-01	1.53894615e-01
462             	-5.03462854e-03	2.89982432e-02	2.97781003e-01	1.43855873e-01	1.53925130e-01
463             	-5.04537822e-03	2.89980515e-02	2.97797914e-01	1.43853579e-01	1.53944335e-01
464             	-5.05829127e-03	2.89992118e-02	2.97819505e-01	1.43851461e-01	1.53968044e-01
465             	-5.07040873e-03	2.89991724e-02	2.97839741e-01	1.43849462e-01	1.53990279e-01
466             	-5.08290092e-03	2.90006010e-02	2.97861528e-01	1.43847863e-01	1.54013665e-01
467             	-5.09058951e-03	2.90012124e-02	2.97871906e-01	1.43845364e-01	1.54026543e-01
468             	-5.10502124e-03	2.90025507e-02	2.97890751e-01	1.43840354e-01	1.54050397e-01
469             	-5.11505007e-03	2.90031377e-02	2.97901085e-01	1.43835492e-01	1.54065593e-01
470             	-5.12737810e-03	2.90048229e-02	2.97916264e-01	1.43830754e-01	1.54085510e-01
471             	-5.13702659e-03	2.90044845e-02	2.97927981e-01	1.43826964e-01	1.54101017e-01
472             	-5.15025340e-03	2.90059343e-02	2.97948320e-01	1.43823907e-01	1.54124414e-01
473             	-5.15744311e-03	2.90063337e-02	2.97960030e-01	1.43822572e-01	1.54137458e-01
474             	-5.17169817e-03	2.90077851e-02	2.97983890e-01	1.43820247e-01	1.54163643e-01
475             	-5.17967821e-03	2.90083608e-02	2.97996576e-01	1.43818610e-01	1.54177966e-01
476             	-5.18958121e-03	2.90103078e-02	2.98011951e-01	1.43816394e-01	1.54195557e-01
477             	-5.19974348e-03	2.90109465e-02	2.98024787e-01	1.43812650e-01	1.54212137e-01
478             	-5.21062116e-03	2.90125864e-02	2.98037984e-01	1.43808371e-01	1.54229613e-01
479             	-5.21648932e-03	2.90130368e-02	2.98040825e-01	1.43803923e-01	1.54236902e-01
480             	-5.23135387e-03	2.90142807e-02	2.98057586e-01	1.43797439e-01	1.54260147e-01
481             	-5.23933535e-03	2.90140737e-02	2.98064585e-01	1.43792957e-01	1.54271628e-01
482             	-5.24698786e-03	2.90145922e-02	2.98074604e-01	1.43790314e-01	1.54284290e-01
483             	-5.25863276e-03	2.90147438e-02	2.98091389e-01	1.43787062e-01	1.54304327e-01
484             	-5.27084546e-03	2.90163510e-02	2.98109764e-01	1.43784037e-01	1.54325727e-01
485             	-5.27609969e-03	2.90167364e-02	2.98115101e-01	1.43781451e-01	1.54333650e-01
486             	-5.28828001e-03	2.90178486e-02	2.98129690e-01	1.43776565e-01	1.54353125e-01
487             	-5.29508917e-03	2.90179509e-02	2.98133650e-01	1.43771736e-01	1.54361914e-01
488             	-5.30581947e-03	2.90194896e-02	2.98143688e-01	1.43766024e-01	1.54377663e-01
489             	-5.31495157e-03	2.90191746e-02	2.98150742e-01	1.43760419e-01	1.54390322e-01
490             	-5.32460448e-03	2.90197673e-02	2.98161237e-01	1.43756014e-01	1.54405223e-01
491             	-5.32867444e-03	2.90192953e-02	2.98164053e-01	1.43753352e-01	1.54410701e-01
492             	-5.34131095e-03	2.90200597e-02	2.98182976e-01	1.43750177e-01	1.54432799e-01
493             	-5.34726160e-03	2.90197973e-02	2.98191965e-01	1.43748721e-01	1.54443244e-01
494             	-5.35342473e-03	2.90206418e-02	2.98201842e-01	1.43747496e-01	1.54454346e-01
495             	-5.36315796e-03	2.90211752e-02	2.98214302e-01	1.43743993e-01	1.54470309e-01
496             	-5.37394803e-03	2.90229934e-02	2.98227147e-01	1.43739626e-01	1.54487522e-01
497             	-5.37718418e-03	2.90231668e-02	2.98225499e-01	1.43735565e-01	1.54489934e-01
498             	-5.38677953e-03	2.90237969e-02	2.98233902e-01	1.43730171e-01	1.54503730e-01
499             	-5.39244134e-03	2.90235428e-02	2.98236130e-01	1.43725624e-01	1.54510506e-01
500             	-5.39965891e-03	2.90242783e-02	2.98243309e-01	1.43721996e-01	1.54521314e-01
501             	-5.40721094e-03	2.90237429e-02	2.98252289e-01	1.43718934e-01	1.54533356e-01
502             	-5.41579577e-03	2.90245242e-02	2.98265931e-01	1.43717170e-01	1.54548761e-01
503             	-5.41916616e-03	2.90246135e-02	2.98270633e-01	1.43716150e-01	1.54554483e-01
504             	-5.42913731e-03	2.90256826e-02	2.98285021e-01	1.43713373e-01	1.54571648e-01
505             	-5.43269102e-03	2.90257221e-02	2.98287015e-01	1.43710817e-01	1.54576199e-01
506             	-5.43714214e-03	2.90265855e-02	2.98289186e-01	1.43707451e-01	1.54581735e-01
507             	-5.44618408e-03	2.90269068e-02	2.98295703e-01	1.43701667e-01	1.54594035e-01
508             	-5.45570038e-03	2.90280890e-02	2.98304212e-01	1.43696405e-01	1.54607806e-01
509             	-5.45765705e-03	2.90276121e-02	2.98302199e-01	1.43693443e-01	1.54608757e-01
510             	-5.46490839e-03	2.90274343e-02	2.98310717e-01	1.43690450e-01	1.54620267e-01
511             	-5.47029884e-03	2.90268980e-02	2.98316912e-01	1.43688157e-01	1.54628755e-01
512             	-5.47702172e-03	2.90275279e-02	2.98326762e-01	1.43686359e-01	1.54640403e-01
513             	-5.48125042e-03	2.90266706e-02	2.98331374e-01	1.43684437e-01	1.54646937e-01
514             	-5.48864549e-03	2.90276102e-02	2.98340069e-01	1.43681389e-01	1.54658680e-01
515             	-5.49219564e-03	2.90279660e-02	2.98340020e-01	1.43677815e-01	1.54662206e-01
516             	-5.50226566e-03	2.90288868e-02	2.98348793e-01	1.43672131e-01	1.54676662e-01
517             	-5.50412877e-03	2.90281555e-02	2.98345034e-01	1.43668388e-01	1.54676646e-01
518             	-5.50926880e-03	2.90285398e-02	2.98347789e-01	1.43664626e-01	1.54683163e-01
519             	-5.51579128e-03	2.90276886e-02	2.98353012e-01	1.43660714e-01	1.54692297e-01
520             	-5.52402299e-03	2.90281912e-02	2.98364263e-01	1.43658108e-01	1.54706154e-01
521             	-5.52441189e-03	2.90273255e-02	2.98364203e-01	1.43657690e-01	1.54706513e-01
522             	-5.53264320e-03	2.90276967e-02	2.98376928e-01	1.43655821e-01	1.54721107e-01
523             	-5.53727291e-03	2.90277805e-02	2.98382176e-01	1.43653815e-01	1.54728361e-01
524             	-5.54287044e-03	2.90289471e-02	2.98387585e-01	1.43650922e-01	1.54736663e-01
525             	-5.54848715e-03	2.90289002e-02	2.98389422e-01	1.43646224e-01	1.54743198e-01
526             	-5.55445882e-03	2.90299285e-02	2.98391983e-01	1.43641533e-01	1.54750450e-01
527             	-5.55718904e-03	2.90303702e-02	2.98389741e-01	1.43637682e-01	1.54752060e-01
528             	-5.56587241e-03	2.90313080e-02	2.98398775e-01	1.43633515e-01	1.54765260e-01
529             	-5.56799868e-03	2.90309078e-02	2.98399214e-01	1.43631608e-01	1.54767605e-01
530             	-5.57353166e-03	2.90319313e-02	2.98407357e-01	1.43630147e-01	1.54777210e-01
531             	-5.57774364e-03	2.90316041e-02	2.98413802e-01	1.43629158e-01	1.54784645e-01
532             	-5.58592534e-03	2.90333418e-02	2.98428164e-01	1.43628157e-01	1.54800007e-01
533             	-5.58568956e-03	2.90336784e-02	2.98427338e-01	1.43627979e-01	1.54799358e-01
534             	-5.59280393e-03	2.90350307e-02	2.98435856e-01	1.43625124e-01	1.54810732e-01
535             	-5.59350788e-03	2.90350457e-02	2.98431666e-01	1.43622325e-01	1.54809341e-01
536             	-5.59871631e-03	2.90364303e-02	2.98433891e-01	1.43618229e-01	1.54815662e-01
537             	-5.60211513e-03	2.90358370e-02	2.98432884e-01	1.43614327e-01	1.54818557e-01
538             	-5.60857104e-03	2.90365048e-02	2.98438953e-01	1.43610905e-01	1.54828047e-01
539             	-5.60860692e-03	2.90359023e-02	2.98436333e-01	1.43609560e-01	1.54826774e-01
540             	-5.61660278e-03	2.90364783e-02	2.98448066e-01	1.43607430e-01	1.54840636e-01
541             	-5.61651773e-03	2.90358690e-02	2.98447221e-01	1.43607093e-01	1.54840128e-01
542             	-5.62110646e-03	2.90372253e-02	2.98453634e-01	1.43605710e-01	1.54847923e-01
543             	-5.62418705e-03	2.90370625e-02	2.98455474e-01	1.43603550e-01	1.54851924e-01
544             	-5.62975895e-03	2.90381901e-02	2.98460500e-01	1.43600491e-01	1.54860009e-01
545             	-5.62804812e-03	2.90377093e-02	2.98452430e-01	1.43598167e-01	1.54854263e-01
546             	-5.63382950e-03	2.90379737e-02	2.98455850e-01	1.43594095e-01	1.54861754e-01
547             	-5.63681448e-03	2.90375795e-02	2.98455286e-01	1.43590829e-01	1.54864458e-01
548             	-5.64106204e-03	2.90379615e-02	2.98459004e-01	1.43588440e-01	1.54870564e-01
549             	-5.64302378e-03	2.90366129e-02	2.98460250e-01	1.43587101e-01	1.54873149e-01
550             	-5.64865524e-03	2.90372261e-02	2.98469577e-01	1.43586133e-01	1.54883444e-01
551             	-5.64751609e-03	2.90370184e-02	2.98468497e-01	1.43586733e-01	1.54881765e-01
552             	-5.65416383e-03	2.90381902e-02	2.98479056e-01	1.43585364e-01	1.54893692e-01
553             	-5.65431031e-03	2.90381159e-02	2.98477231e-01	1.43584305e-01	1.54892926e-01
554             	-5.65703072e-03	2.90390432e-02	2.98477582e-01	1.43581760e-01	1.54895822e-01
555             	-5.65951353e-03	2.90384363e-02	2.98475069e-01	1.43578021e-01	1.54897048e-01
556             	-5.66304192e-03	2.90387384e-02	2.98475049e-01	1.43574483e-01	1.54900567e-01
557             	-5.66289030e-03	2.90383074e-02	2.98469965e-01	1.43572092e-01	1.54897873e-01
558             	-5.66884970e-03	2.90385976e-02	2.98477209e-01	1.43569755e-01	1.54907454e-01
559             	-5.66925486e-03	2.90379489e-02	2.98477720e-01	1.43569605e-01	1.54908115e-01
560             	-5.67102831e-03	2.90384039e-02	2.98481856e-01	1.43569900e-01	1.54911956e-01
561             	-5.67444438e-03	2.90381862e-02	2.98487218e-01	1.43569165e-01	1.54918053e-01
562             	-5.67910921e-03	2.90392642e-02	2.98493878e-01	1.43567830e-01	1.54926048e-01
563             	-5.67629968e-03	2.90389493e-02	2.98486155e-01	1.43566778e-01	1.54919377e-01
564             	-5.68168018e-03	2.90396722e-02	2.98489701e-01	1.43563170e-01	1.54926531e-01
565             	-5.68322544e-03	2.90394651e-02	2.98485779e-01	1.43559664e-01	1.54926115e-01
566             	-5.68626113e-03	2.90399147e-02	2.98485414e-01	1.43556446e-01	1.54928968e-01
567             	-5.68708229e-03	2.90384670e-02	2.98482539e-01	1.43554187e-01	1.54928352e-01
568             	-5.69152944e-03	2.90387442e-02	2.98488229e-01	1.43552585e-01	1.54935644e-01
569             	-5.69003188e-03	2.90380640e-02	2.98485096e-01	1.43552516e-01	1.54932580e-01
570             	-5.69377046e-03	2.90381639e-02	2.98490601e-01	1.43551530e-01	1.54939071e-01
571             	-5.69605959e-03	2.90382795e-02	2.98492089e-01	1.43549985e-01	1.54942104e-01
572             	-5.70057706e-03	2.90395703e-02	2.98496059e-01	1.43547453e-01	1.54948607e-01
573             	-5.70309242e-03	2.90390344e-02	2.98494363e-01	1.43544089e-01	1.54950274e-01
574             	-5.70695291e-03	2.90394887e-02	2.98495082e-01	1.43540588e-01	1.54954494e-01
575             	-5.70495016e-03	2.90386237e-02	2.98486472e-01	1.43538286e-01	1.54948186e-01
576             	-5.71012582e-03	2.90384906e-02	2.98490805e-01	1.43535276e-01	1.54955528e-01
577             	-5.71226122e-03	2.90378353e-02	2.98491910e-01	1.43533694e-01	1.54958216e-01
578             	-5.71579200e-03	2.90382695e-02	2.98497556e-01	1.43532986e-01	1.54964570e-01
579             	-5.71801114e-03	2.90374390e-02	2.98500966e-01	1.43532472e-01	1.54968494e-01
580             	-5.72303291e-03	2.90384389e-02	2.98509230e-01	1.43531582e-01	1.54977648e-01
581             	-5.72164496e-03	2.90384515e-02	2.98505154e-01	1.43530932e-01	1.54974222e-01
582             	-5.72773851e-03	2.90395709e-02	2.98511064e-01	1.43527794e-01	1.54983271e-01
583             	-5.73001593e-03	2.90399932e-02	2.98509347e-01	1.43524658e-01	1.54984690e-01
584             	-5.73411342e-03	2.90412961e-02	2.98511488e-01	1.43521631e-01	1.54989857e-01
585             	-5.73629703e-03	2.90406770e-02	2.98511130e-01	1.43519268e-01	1.54991862e-01
586             	-5.73964546e-03	2.90410238e-02	2.98515236e-01	1.43517973e-01	1.54997264e-01
587             	-5.73808836e-03	2.90405438e-02	2.98512804e-01	1.43518313e-01	1.54994490e-01
588             	-5.74217033e-03	2.90408881e-02	2.98520796e-01	1.43518228e-01	1.55002568e-01
589             	-5.74398497e-03	2.90412197e-02	2.98524847e-01	1.43518438e-01	1.55006408e-01
590             	-5.74659069e-03	2.90426175e-02	2.98529602e-01	1.43518210e-01	1.55011392e-01
591             	-5.74929308e-03	2.90427968e-02	2.98531253e-01	1.43516333e-01	1.55014920e-01
592             	-5.75348432e-03	2.90440719e-02	2.98534160e-01	1.43513596e-01	1.55020564e-01
593             	-5.75196901e-03	2.90440041e-02	2.98526379e-01	1.43511220e-01	1.55015158e-01
594             	-5.75606015e-03	2.90441975e-02	2.98528515e-01	1.43508197e-01	1.55020317e-01
595             	-5.75488363e-03	2.90431694e-02	2.98523613e-01	1.43506923e-01	1.55016690e-01
596             	-5.75783597e-03	2.90436000e-02	2.98527236e-01	1.43505782e-01	1.55021454e-01
597             	-5.75895858e-03	2.90425796e-02	2.98528466e-01	1.43505275e-01	1.55023192e-01
598             	-5.76295734e-03	2.90433338e-02	2.98535276e-01	1.43504681e-01	1.55030595e-01
599             	-5.75954505e-03	2.90429225e-02	2.98529262e-01	1.43505086e-01	1.55024176e-01
600             	-5.76375923e-03	2.90436433e-02	2.98534368e-01	1.43503425e-01	1.55030943e-01
601             	-5.76343159e-03	2.90435017e-02	2.98530932e-01	1.43502034e-01	1.55028898e-01
602             	-5.76479841e-03	2.90441905e-02	2.98529692e-01	1.43500048e-01	1.55029644e-01
603             	-5.76436814e-03	2.90429960e-02	2.98524153e-01	1.43497708e-01	1.55026444e-01
604             	-5.76804746e-03	2.90434313e-02	2.98526398e-01	1.43495152e-01	1.55031247e-01
605             	-5.76719948e-03	2.90429489e-02	2.98522256e-01	1.43493929e-01	1.55028327e-01
606             	-5.77157614e-03	2.90430026e-02	2.98528284e-01	1.43492566e-01	1.55035718e-01
607             	-5.76944327e-03	2.90420883e-02	2.98525793e-01	1.43493453e-01	1.55032340e-01
608             	-5.77058893e-03	2.90428203e-02	2.98529658e-01	1.43494240e-01	1.55035418e-01
609             	-5.76951234e-03	2.90420590e-02	2.98528218e-01	1.43494597e-01	1.55033621e-01
610             	-5.77264573e-03	2.90431359e-02	2.98532416e-01	1.43493562e-01	1.55038854e-01
611             	-5.77134983e-03	2.90432610e-02	2.98526911e-01	1.43492106e-01	1.55034805e-01
612             	-5.77610188e-03	2.90438210e-02	2.98529557e-01	1.43488677e-01	1.55040881e-01
613             	-5.77437049e-03	2.90429634e-02	2.98521768e-01	1.43486513e-01	1.55035254e-01
614             	-5.77534216e-03	2.90432812e-02	2.98520355e-01	1.43484835e-01	1.55035520e-01
615             	-5.77597071e-03	2.90423480e-02	2.98519691e-01	1.43483875e-01	1.55035816e-01
616             	-5.77872201e-03	2.90428732e-02	2.98525159e-01	1.43483857e-01	1.55041301e-01
617             	-5.77544729e-03	2.90423630e-02	2.98521487e-01	1.43485296e-01	1.55036191e-01
618             	-5.78102905e-03	2.90433472e-02	2.98531662e-01	1.43484802e-01	1.55046860e-01
619             	-5.77935416e-03	2.90430194e-02	2.98528578e-01	1.43484935e-01	1.55043643e-01
620             	-5.78172039e-03	2.90441682e-02	2.98530278e-01	1.43483419e-01	1.55046860e-01
621             	-5.78255927e-03	2.90436187e-02	2.98527292e-01	1.43481087e-01	1.55046205e-01
622             	-5.78550975e-03	2.90442432e-02	2.98527902e-01	1.43478441e-01	1.55049461e-01
623             	-5.78052407e-03	2.90430893e-02	2.98516183e-01	1.43477567e-01	1.55038615e-01
624             	-5.78556913e-03	2.90434098e-02	2.98522252e-01	1.43475557e-01	1.55046695e-01
625             	-5.78559199e-03	2.90428002e-02	2.98521962e-01	1.43475389e-01	1.55046573e-01
626             	-5.78672738e-03	2.90431763e-02	2.98525156e-01	1.43475851e-01	1.55049305e-01
627             	-5.78829245e-03	2.90425207e-02	2.98527985e-01	1.43475700e-01	1.55052285e-01
628             	-5.79249631e-03	2.90435024e-02	2.98535021e-01	1.43475014e-01	1.55060007e-01
629             	-5.79077108e-03	2.90433324e-02	2.98530251e-01	1.43474354e-01	1.55055896e-01
630             	-5.79476945e-03	2.90436696e-02	2.98533108e-01	1.43471785e-01	1.55061324e-01
631             	-5.79335624e-03	2.90428201e-02	2.98526300e-01	1.43469794e-01	1.55056506e-01
632             	-5.79522006e-03	2.90431483e-02	2.98525555e-01	1.43467558e-01	1.55057998e-01
633             	-5.79736665e-03	2.90421373e-02	2.98525392e-01	1.43465330e-01	1.55060063e-01
634             	-5.80237140e-03	2.90426204e-02	2.98532556e-01	1.43463907e-01	1.55068649e-01
635             	-5.80041989e-03	2.90418836e-02	2.98529894e-01	1.43464527e-01	1.55065367e-01
636             	-5.80517166e-03	2.90421141e-02	2.98538497e-01	1.43464077e-01	1.55074420e-01
637             	-5.80377957e-03	2.90414585e-02	2.98536708e-01	1.43464574e-01	1.55072134e-01
638             	-5.80805622e-03	2.90429744e-02	2.98542956e-01	1.43463422e-01	1.55079534e-01
639             	-5.80991399e-03	2.90428699e-02	2.98543007e-01	1.43461589e-01	1.55081417e-01
640             	-5.81353247e-03	2.90440235e-02	2.98546077e-01	1.43459506e-01	1.55086571e-01
641             	-5.81083673e-03	2.90437957e-02	2.98538872e-01	1.43458599e-01	1.55080273e-01
642             	-5.81433941e-03	2.90440183e-02	2.98542393e-01	1.43456857e-01	1.55085536e-01
643             	-5.81412619e-03	2.90433918e-02	2.98540564e-01	1.43456156e-01	1.55084408e-01
644             	-5.81573208e-03	2.90438363e-02	2.98543682e-01	1.43456109e-01	1.55087573e-01
645             	-5.81828864e-03	2.90433758e-02	2.98548033e-01	1.43455728e-01	1.55092305e-01
646             	-5.82150450e-03	2.90442324e-02	2.98554543e-01	1.43455767e-01	1.55098776e-01
647             	-5.81934600e-03	2.90444167e-02	2.98551362e-01	1.43456335e-01	1.55095027e-01
648             	-5.82285987e-03	2.90453304e-02	2.98555903e-01	1.43455091e-01	1.55100811e-01
649             	-5.82091068e-03	2.90452103e-02	2.98550077e-01	1.43454128e-01	1.55095949e-01
650             	-5.82322750e-03	2.90464098e-02	2.98550700e-01	1.43452123e-01	1.55098578e-01
651             	-5.82332826e-03	2.90454930e-02	2.98547368e-01	1.43450356e-01	1.55097012e-01
652             	-5.82689630e-03	2.90459221e-02	2.98551511e-01	1.43448859e-01	1.55102652e-01
653             	-5.82351454e-03	2.90449126e-02	2.98545359e-01	1.43449165e-01	1.55096194e-01
654             	-5.82701126e-03	2.90449050e-02	2.98550959e-01	1.43448468e-01	1.55102491e-01
655             	-5.82423802e-03	2.90439631e-02	2.98546576e-01	1.43449050e-01	1.55097526e-01
656             	-5.82636791e-03	2.90449963e-02	2.98549710e-01	1.43448487e-01	1.55101223e-01
657             	-5.82683085e-03	2.90446275e-02	2.98548979e-01	1.43447659e-01	1.55101321e-01
658             	-5.82891615e-03	2.90455107e-02	2.98551295e-01	1.43446731e-01	1.55104564e-01
659             	-5.82505294e-03	2.90451920e-02	2.98543102e-01	1.43446498e-01	1.55096604e-01
660             	-5.82705065e-03	2.90453431e-02	2.98544055e-01	1.43444977e-01	1.55099078e-01
661             	-5.82618096e-03	2.90447879e-02	2.98540357e-01	1.43443998e-01	1.55096360e-01
662             	-5.82574295e-03	2.90447789e-02	2.98538716e-01	1.43443615e-01	1.55095101e-01
663             	-5.82689519e-03	2.90439754e-02	2.98539869e-01	1.43443039e-01	1.55096830e-01
664             	-5.82927466e-03	2.90445439e-02	2.98545280e-01	1.43443365e-01	1.55101915e-01
665             	-5.82544935e-03	2.90441582e-02	2.98540821e-01	1.43444961e-01	1.55095860e-01
666             	-5.82797420e-03	2.90447096e-02	2.98546433e-01	1.43445242e-01	1.55101191e-01
667             	-5.82545628e-03	2.90442979e-02	2.98542424e-01	1.43445756e-01	1.55096668e-01
668             	-5.82617381e-03	2.90450968e-02	2.98542127e-01	1.43444890e-01	1.55097237e-01
669             	-5.82707101e-03	2.90445407e-02	2.98539789e-01	1.43442824e-01	1.55096966e-01
670             	-5.82986296e-03	2.90451813e-02	2.98541404e-01	1.43440839e-01	1.55100565e-01
671             	-5.82471322e-03	2.90442634e-02	2.98531342e-01	1.43440958e-01	1.55090384e-01
672             	-5.82906523e-03	2.90448372e-02	2.98537891e-01	1.43439880e-01	1.55098011e-01
673             	-5.82827354e-03	2.90446064e-02	2.98538040e-01	1.43440747e-01	1.55097294e-01
674             	-5.82843430e-03	2.90452291e-02	2.98541252e-01	1.43442192e-01	1.55099060e-01
675             	-5.82600170e-03	2.90440774e-02	2.98539042e-01	1.43443519e-01	1.55095523e-01
676             	-5.83000682e-03	2.90453306e-02	2.98546361e-01	1.43443174e-01	1.55103187e-01
677             	-5.82746880e-03	2.90452870e-02	2.98540803e-01	1.43442933e-01	1.55097870e-01
678             	-5.83106162e-03	2.90458132e-02	2.98543437e-01	1.43440657e-01	1.55102780e-01
679             	-5.82794313e-03	2.90449182e-02	2.98534700e-01	1.43439407e-01	1.55095293e-01
680             	-5.82992095e-03	2.90456034e-02	2.98535016e-01	1.43437587e-01	1.55097429e-01
681             	-5.83076481e-03	2.90446866e-02	2.98534474e-01	1.43436472e-01	1.55098002e-01
682             	-5.83225786e-03	2.90448499e-02	2.98537883e-01	1.43436684e-01	1.55101199e-01
683             	-5.82933109e-03	2.90443011e-02	2.98534573e-01	1.43437956e-01	1.55096618e-01
684             	-5.83424229e-03	2.90448598e-02	2.98543474e-01	1.43437495e-01	1.55105979e-01
685             	-5.83389263e-03	2.90445512e-02	2.98543163e-01	1.43437689e-01	1.55105474e-01
686             	-5.83495369e-03	2.90451039e-02	2.98544034e-01	1.43437063e-01	1.55106971e-01
687             	-5.83468629e-03	2.90439797e-02	2.98540168e-01	1.43435398e-01	1.55104770e-01
688             	-5.83703922e-03	2.90441774e-02	2.98540255e-01	1.43433088e-01	1.55107167e-01
689             	-5.83604919e-03	2.90437434e-02	2.98534697e-01	1.43431299e-01	1.55103398e-01
690             	-5.84064935e-03	2.90437805e-02	2.98539271e-01	1.43428986e-01	1.55110285e-01
691             	-5.84048426e-03	2.90429343e-02	2.98537757e-01	1.43428394e-01	1.55109363e-01
692             	-5.84203611e-03	2.90432126e-02	2.98541156e-01	1.43428542e-01	1.55112614e-01
693             	-5.84174022e-03	2.90419891e-02	2.98541222e-01	1.43428871e-01	1.55112351e-01
694             	-5.84527609e-03	2.90427879e-02	2.98548043e-01	1.43428745e-01	1.55119297e-01
695             	-5.84410269e-03	2.90430264e-02	2.98545860e-01	1.43428827e-01	1.55117033e-01
696             	-5.84868644e-03	2.90439877e-02	2.98551819e-01	1.43427223e-01	1.55124596e-01
697             	-5.84756865e-03	2.90438337e-02	2.98547920e-01	1.43426391e-01	1.55121529e-01
698             	-5.84873925e-03	2.90446093e-02	2.98548174e-01	1.43425348e-01	1.55122826e-01
699             	-5.84901868e-03	2.90436995e-02	2.98546457e-01	1.43424210e-01	1.55122247e-01
700             	-5.85253591e-03	2.90443005e-02	2.98551945e-01	1.43423436e-01	1.55128508e-01
701             	-5.84900758e-03	2.90435542e-02	2.98546952e-01	1.43424468e-01	1.55122483e-01
702             	-5.85251600e-03	2.90438757e-02	2.98553707e-01	1.43424337e-01	1.55129369e-01
703             	-5.85273515e-03	2.90439762e-02	2.98555007e-01	1.43424769e-01	1.55130239e-01
704             	-5.85386394e-03	2.90451758e-02	2.98557888e-01	1.43425080e-01	1.55132808e-01
705             	-5.85336423e-03	2.90448774e-02	2.98556349e-01	1.43424810e-01	1.55131539e-01
706             	-5.85593202e-03	2.90460783e-02	2.98559565e-01	1.43423851e-01	1.55135715e-01
707             	-5.85239041e-03	2.90459223e-02	2.98552371e-01	1.43423795e-01	1.55128576e-01
708             	-5.85347522e-03	2.90458295e-02	2.98552871e-01	1.43422960e-01	1.55129911e-01
709             	-5.85343623e-03	2.90454637e-02	2.98552060e-01	1.43422594e-01	1.55129466e-01
710             	-5.85461345e-03	2.90459074e-02	2.98554379e-01	1.43422576e-01	1.55131803e-01
711             	-5.85373816e-03	2.90447527e-02	2.98552898e-01	1.43422711e-01	1.55130187e-01
712             	-5.85323666e-03	2.90447482e-02	2.98552979e-01	1.43423253e-01	1.55129726e-01
713             	-5.85104065e-03	2.90448375e-02	2.98549596e-01	1.43423757e-01	1.55125839e-01
714             	-5.85434932e-03	2.90457242e-02	2.98554855e-01	1.43423078e-01	1.55131777e-01
715             	-5.85112662e-03	2.90453943e-02	2.98549512e-01	1.43423629e-01	1.55125883e-01
716             	-5.85113129e-03	2.90462896e-02	2.98549614e-01	1.43423675e-01	1.55125938e-01
717             	-5.85070751e-03	2.90455798e-02	2.98547837e-01	1.43423211e-01	1.55124626e-01
718             	-5.85107778e-03	2.90457207e-02	2.98548211e-01	1.43423028e-01	1.55125183e-01
719             	-5.84719908e-03	2.90450050e-02	2.98541457e-01	1.43423529e-01	1.55117928e-01
720             	-5.85081853e-03	2.90453428e-02	2.98547352e-01	1.43422857e-01	1.55124494e-01
721             	-5.84935996e-03	2.90448771e-02	2.98545889e-01	1.43423585e-01	1.55122305e-01
722             	-5.84898075e-03	2.90453460e-02	2.98546985e-01	1.43424512e-01	1.55122473e-01
723             	-5.84741982e-03	2.90443984e-02	2.98545091e-01	1.43425126e-01	1.55119965e-01
724             	-5.84849370e-03	2.90449660e-02	2.98547248e-01	1.43425130e-01	1.55122118e-01
725             	-5.84664202e-03	2.90450629e-02	2.98542997e-01	1.43424857e-01	1.55118141e-01
726             	-5.85035721e-03	2.90456277e-02	2.98547099e-01	1.43423192e-01	1.55123907e-01
727             	-5.84758344e-03	2.90448937e-02	2.98540900e-01	1.43422867e-01	1.55118033e-01
728             	-5.84696223e-03	2.90452701e-02	2.98539655e-01	1.43422865e-01	1.55116790e-01
729             	-5.84760174e-03	2.90447393e-02	2.98540493e-01	1.43422645e-01	1.55117848e-01
730             	-5.84893567e-03	2.90452045e-02	2.98544394e-01	1.43423261e-01	1.55121133e-01
731             	-5.84632726e-03	2.90449848e-02	2.98542036e-01	1.43424691e-01	1.55117345e-01
732             	-5.84888815e-03	2.90452501e-02	2.98547608e-01	1.43424916e-01	1.55122692e-01
733             	-5.84769197e-03	2.90449249e-02	2.98545628e-01	1.43425122e-01	1.55120506e-01
734             	-5.84822020e-03	2.90455923e-02	2.98545330e-01	1.43424445e-01	1.55120885e-01
735             	-5.84826112e-03	2.90448784e-02	2.98542254e-01	1.43422866e-01	1.55119388e-01
736             	-5.84998387e-03	2.90453610e-02	2.98542599e-01	1.43421315e-01	1.55121283e-01
737             	-5.84716600e-03	2.90449930e-02	2.98535745e-01	1.43420706e-01	1.55115038e-01
738             	-5.85187383e-03	2.90455665e-02	2.98542503e-01	1.43419378e-01	1.55123125e-01
739             	-5.85066134e-03	2.90449683e-02	2.98541237e-01	1.43419957e-01	1.55121280e-01
740             	-5.84913880e-03	2.90448350e-02	2.98540663e-01	1.43421193e-01	1.55119470e-01
741             	-5.85115476e-03	2.90442082e-02	2.98544441e-01	1.43421066e-01	1.55123375e-01
742             	-5.85458472e-03	2.90448346e-02	2.98550661e-01	1.43420746e-01	1.55129915e-01
743             	-5.85140727e-03	2.90442584e-02	2.98544711e-01	1.43420948e-01	1.55123763e-01
744             	-5.85494688e-03	2.90444741e-02	2.98548037e-01	1.43419072e-01	1.55128965e-01
745             	-5.85335034e-03	2.90436502e-02	2.98542106e-01	1.43417703e-01	1.55124403e-01
746             	-5.85458695e-03	2.90440139e-02	2.98541374e-01	1.43416100e-01	1.55125274e-01
747             	-5.85468213e-03	2.90428216e-02	2.98538593e-01	1.43414614e-01	1.55123979e-01
748             	-5.85941907e-03	2.90435857e-02	2.98545488e-01	1.43413325e-01	1.55132163e-01
749             	-5.85741599e-03	2.90430965e-02	2.98542539e-01	1.43413854e-01	1.55128686e-01
750             	-5.86236520e-03	2.90435469e-02	2.98551192e-01	1.43413231e-01	1.55137961e-01
751             	-5.86142770e-03	2.90431696e-02	2.98550847e-01	1.43413996e-01	1.55136851e-01
752             	-5.86182675e-03	2.90439793e-02	2.98552902e-01	1.43414624e-01	1.55138278e-01
753             	-5.85966274e-03	2.90430565e-02	2.98549160e-01	1.43414917e-01	1.55134243e-01
754             	-5.86453293e-03	2.90445715e-02	2.98556629e-01	1.43413781e-01	1.55142847e-01
755             	-5.86248788e-03	2.90446252e-02	2.98552369e-01	1.43413697e-01	1.55138672e-01
756             	-5.86566066e-03	2.90449609e-02	2.98556549e-01	1.43412614e-01	1.55143935e-01
757             	-5.86255929e-03	2.90439363e-02	2.98551234e-01	1.43413058e-01	1.55138176e-01
758             	-5.86534222e-03	2.90447637e-02	2.98556135e-01	1.43412725e-01	1.55143410e-01
759             	-5.86631455e-03	2.90440957e-02	2.98557714e-01	1.43412542e-01	1.55145171e-01
760             	-5.86746815e-03	2.90446165e-02	2.98560606e-01	1.43412835e-01	1.55147771e-01
761             	-5.86370227e-03	2.90446270e-02	2.98555503e-01	1.43414049e-01	1.55141454e-01
762             	-5.86602110e-03	2.90454756e-02	2.98559782e-01	1.43413870e-01	1.55145912e-01
763             	-5.86463401e-03	2.90456386e-02	2.98557352e-01	1.43414042e-01	1.55143310e-01
764             	-5.86556764e-03	2.90467619e-02	2.98559005e-01	1.43413935e-01	1.55145070e-01
765             	-5.86451348e-03	2.90458942e-02	2.98556521e-01	1.43413747e-01	1.55142774e-01
766             	-5.86701783e-03	2.90463880e-02	2.98560663e-01	1.43413314e-01	1.55147349e-01
767             	-5.86326697e-03	2.90455975e-02	2.98554636e-01	1.43414051e-01	1.55140585e-01
768             	-5.86504647e-03	2.90454442e-02	2.98557407e-01	1.43413657e-01	1.55143750e-01
769             	-5.86345051e-03	2.90449639e-02	2.98554652e-01	1.43413876e-01	1.55140777e-01
770             	-5.86308543e-03	2.90456045e-02	2.98554601e-01	1.43414215e-01	1.55140386e-01
771             	-5.86271042e-03	2.90452371e-02	2.98554059e-01	1.43414319e-01	1.55139740e-01
772             	-5.86313779e-03	2.90459906e-02	2.98556075e-01	1.43414900e-01	1.55141175e-01
773             	-5.85961073e-03	2.90459458e-02	2.98550919e-01	1.43415849e-01	1.55135070e-01
774             	-5.86169511e-03	2.90462693e-02	2.98554439e-01	1.43415524e-01	1.55138915e-01
775             	-5.86055111e-03	2.90458338e-02	2.98552031e-01	1.43415464e-01	1.55136566e-01
776             	-5.86011958e-03	2.90460476e-02	2.98551022e-01	1.43415391e-01	1.55135631e-01
777             	-5.85987475e-03	2.90450545e-02	2.98549571e-01	1.43414911e-01	1.55134660e-01
778             	-5.86082211e-03	2.90453058e-02	2.98551532e-01	1.43414944e-01	1.55136588e-01
779             	-5.85741484e-03	2.90449032e-02	2.98546684e-01	1.43415927e-01	1.55130757e-01
780             	-5.85834255e-03	2.90449186e-02	2.98549197e-01	1.43416256e-01	1.55132941e-01
781             	-5.85737429e-03	2.90447797e-02	2.98548076e-01	1.43416663e-01	1.55131412e-01
782             	-5.85790703e-03	2.90456314e-02	2.98549506e-01	1.43416846e-01	1.55132660e-01
783             	-5.85816820e-03	2.90450764e-02	2.98549124e-01	1.43416394e-01	1.55132730e-01
784             	-5.85903914e-03	2.90454602e-02	2.98550458e-01	1.43416190e-01	1.55134268e-01
785             	-5.85416956e-03	2.90448223e-02	2.98542471e-01	1.43417066e-01	1.55125405e-01
786             	-5.85816401e-03	2.90455213e-02	2.98549087e-01	1.43416379e-01	1.55132707e-01
787             	-5.85599311e-03	2.90450466e-02	2.98546298e-01	1.43417156e-01	1.55129142e-01
788             	-5.85526610e-03	2.90454789e-02	2.98546598e-01	1.43418033e-01	1.55128565e-01
789             	-5.85515011e-03	2.90447797e-02	2.98546767e-01	1.43418233e-01	1.55128534e-01
790             	-5.85883150e-03	2.90458193e-02	2.98553365e-01	1.43417851e-01	1.55135514e-01
791             	-5.85548585e-03	2.90454533e-02	2.98547285e-01	1.43418156e-01	1.55129128e-01
792             	-5.85748856e-03	2.90455979e-02	2.98548967e-01	1.43416995e-01	1.55131972e-01
793             	-5.85581731e-03	2.90451260e-02	2.98544417e-01	1.43416391e-01	1.55128026e-01
794             	-5.85685182e-03	2.90458310e-02	2.98544906e-01	1.43415601e-01	1.55129305e-01
795             	-5.85627039e-03	2.90448920e-02	2.98543064e-01	1.43415262e-01	1.55127803e-01
796             	-5.85799165e-03	2.90452316e-02	2.98546650e-01	1.43415334e-01	1.55131317e-01
797             	-5.85455124e-03	2.90445530e-02	2.98541984e-01	1.43416441e-01	1.55125543e-01
798             	-5.85905919e-03	2.90449263e-02	2.98549866e-01	1.43415874e-01	1.55133992e-01
799             	-5.85831006e-03	2.90443919e-02	2.98548830e-01	1.43416105e-01	1.55132725e-01
800             	-5.85888142e-03	2.90448061e-02	2.98549585e-01	1.43415911e-01	1.55133674e-01
801             	-5.85936135e-03	2.90438782e-02	2.98547999e-01	1.43414638e-01	1.55133361e-01
802             	-5.86214757e-03	2.90443476e-02	2.98550398e-01	1.43413052e-01	1.55137347e-01
803             	-5.85842902e-03	2.90435727e-02	2.98542034e-01	1.43412588e-01	1.55129446e-01
804             	-5.86212008e-03	2.90438121e-02	2.98546143e-01	1.43410952e-01	1.55135192e-01
805             	-5.86313642e-03	2.90436039e-02	2.98546570e-01	1.43410149e-01	1.55136421e-01
806             	-5.86510966e-03	2.90441854e-02	2.98549900e-01	1.43409840e-01	1.55140060e-01
807             	-5.86538615e-03	2.90432597e-02	2.98550506e-01	1.43409867e-01	1.55140639e-01
808             	-5.86732738e-03	2.90437820e-02	2.98555184e-01	1.43410264e-01	1.55144919e-01
809             	-5.86232957e-03	2.90431822e-02	2.98548408e-01	1.43411874e-01	1.55136533e-01
810             	-5.86797821e-03	2.90443650e-02	2.98558007e-01	1.43411025e-01	1.55146982e-01
811             	-5.86736276e-03	2.90443629e-02	2.98556961e-01	1.43411118e-01	1.55145843e-01
812             	-5.86798289e-03	2.90451882e-02	2.98558092e-01	1.43411063e-01	1.55147029e-01
813             	-5.86705554e-03	2.90442694e-02	2.98555764e-01	1.43410826e-01	1.55144938e-01
814             	-5.87021358e-03	2.90449166e-02	2.98560702e-01	1.43410138e-01	1.55150565e-01
815             	-5.86737356e-03	2.90444023e-02	2.98555824e-01	1.43410539e-01	1.55145286e-01
816             	-5.87043457e-03	2.90446437e-02	2.98560353e-01	1.43409742e-01	1.55150611e-01
817             	-5.86725333e-03	2.90439776e-02	2.98555326e-01	1.43410410e-01	1.55144916e-01
818             	-5.86946264e-03	2.90453737e-02	2.98559521e-01	1.43410298e-01	1.55149223e-01
819             	-5.86915457e-03	2.90451376e-02	2.98559299e-01	1.43410495e-01	1.55148804e-01
820             	-5.87152191e-03	2.90463054e-02	2.98564411e-01	1.43410684e-01	1.55153727e-01
821             	-5.86781293e-03	2.90461922e-02	2.98559508e-01	1.43411941e-01	1.55147567e-01
822             	-5.87058398e-03	2.90466326e-02	2.98564548e-01	1.43411690e-01	1.55152858e-01
823             	-5.86666758e-03	2.90456425e-02	2.98558414e-01	1.43412540e-01	1.55145875e-01
824             	-5.86727793e-03	2.90461377e-02	2.98559120e-01	1.43412282e-01	1.55146838e-01
825             	-5.86706853e-03	2.90452436e-02	2.98557573e-01	1.43411718e-01	1.55145855e-01
826             	-5.86918572e-03	2.90458534e-02	2.98561105e-01	1.43411367e-01	1.55149738e-01
827             	-5.86311000e-03	2.90450481e-02	2.98551767e-01	1.43412774e-01	1.55138994e-01
828             	-5.86616719e-03	2.90458308e-02	2.98557344e-01	1.43412505e-01	1.55144839e-01
829             	-5.86440125e-03	2.90457693e-02	2.98555547e-01	1.43413372e-01	1.55142175e-01
830             	-5.86359514e-03	2.90464405e-02	2.98556043e-01	1.43414427e-01	1.55141617e-01
831             	-5.86304819e-03	2.90457145e-02	2.98555329e-01	1.43414616e-01	1.55140713e-01
832             	-5.86578319e-03	2.90464446e-02	2.98559844e-01	1.43414139e-01	1.55145705e-01
833             	-5.86245852e-03	2.90460012e-02	2.98553824e-01	1.43414454e-01	1.55139371e-01
834             	-5.86475491e-03	2.90460968e-02	2.98556632e-01	1.43413561e-01	1.55143071e-01
835             	-5.86065076e-03	2.90449231e-02	2.98549310e-01	1.43414004e-01	1.55135306e-01
836             	-5.86101856e-03	2.90453921e-02	2.98550224e-01	1.43414094e-01	1.55136131e-01
837             	-5.86051739e-03	2.90445159e-02	2.98549626e-01	1.43414296e-01	1.55135330e-01
838             	-5.86193440e-03	2.90451122e-02	2.98553485e-01	1.43414808e-01	1.55138677e-01
839             	-5.85632012e-03	2.90444696e-02	2.98545703e-01	1.43416531e-01	1.55129172e-01
840             	-5.86012676e-03	2.90452748e-02	2.98552429e-01	1.43416088e-01	1.55136341e-01
841             	-5.85900302e-03	2.90451597e-02	2.98550685e-01	1.43416339e-01	1.55134346e-01
842             	-5.85899223e-03	2.90458623e-02	2.98550714e-01	1.43416365e-01	1.55134349e-01
843             	-5.85860222e-03	2.90451891e-02	2.98549363e-01	1.43416079e-01	1.55133284e-01
844             	-5.86134260e-03	2.90460250e-02	2.98554164e-01	1.43415739e-01	1.55138424e-01
845             	-5.85783053e-03	2.90455780e-02	2.98549088e-01	1.43416713e-01	1.55132374e-01
846             	-5.85983423e-03	2.90456037e-02	2.98553126e-01	1.43416729e-01	1.55136397e-01
847             	-5.85723582e-03	2.90448394e-02	2.98549337e-01	1.43417432e-01	1.55131904e-01
848             	-5.85732705e-03	2.90453384e-02	2.98549445e-01	1.43417396e-01	1.55132050e-01
849             	-5.85743358e-03	2.90446293e-02	2.98547905e-01	1.43416519e-01	1.55131386e-01
850             	-5.85913878e-03	2.90452149e-02	2.98549728e-01	1.43415725e-01	1.55134003e-01
851             	-5.85710665e-03	2.90451916e-02	2.98545162e-01	1.43415475e-01	1.55129688e-01
852             	-5.86055118e-03	2.90456273e-02	2.98549670e-01	1.43414284e-01	1.55135386e-01
853             	-5.85780354e-03	2.90447150e-02	2.98544774e-01	1.43414584e-01	1.55130191e-01
854             	-5.86006581e-03	2.90453344e-02	2.98548549e-01	1.43414209e-01	1.55134341e-01
855             	-5.86073033e-03	2.90442979e-02	2.98549303e-01	1.43413921e-01	1.55135382e-01
856             	-5.86180516e-03	2.90443066e-02	2.98551794e-01	1.43414092e-01	1.55137702e-01
857             	-5.85926773e-03	2.90438459e-02	2.98547702e-01	1.43414583e-01	1.55133119e-01
858             	-5.86352316e-03	2.90442623e-02	2.98553681e-01	1.43413317e-01	1.55140363e-01
859             	-5.86205084e-03	2.90436974e-02	2.98549992e-01	1.43412945e-01	1.55137047e-01
860             	-5.86285680e-03	2.90442581e-02	2.98550060e-01	1.43412173e-01	1.55137887e-01
861             	-5.86303122e-03	2.90433466e-02	2.98547950e-01	1.43410944e-01	1.55137006e-01
862             	-5.86529089e-03	2.90437084e-02	2.98550199e-01	1.43409809e-01	1.55140390e-01
863             	-5.86383249e-03	2.90433966e-02	2.98546312e-01	1.43409324e-01	1.55136989e-01
864             	-5.86752253e-03	2.90436925e-02	2.98551819e-01	1.43408387e-01	1.55143432e-01
865             	-5.86785186e-03	2.90435653e-02	2.98552651e-01	1.43408474e-01	1.55144177e-01
866             	-5.86887454e-03	2.90443377e-02	2.98556066e-01	1.43409158e-01	1.55146907e-01
867             	-5.86858028e-03	2.90437167e-02	2.98557067e-01	1.43409953e-01	1.55147114e-01
868             	-5.87059975e-03	2.90445188e-02	2.98562279e-01	1.43410540e-01	1.55151739e-01
869             	-5.86645696e-03	2.90441190e-02	2.98556410e-01	1.43411748e-01	1.55144662e-01
870             	-5.86966433e-03	2.90446068e-02	2.98561442e-01	1.43411057e-01	1.55150385e-01
871             	-5.86986994e-03	2.90444669e-02	2.98560661e-01	1.43410461e-01	1.55150200e-01
872             	-5.87083525e-03	2.90450162e-02	2.98561145e-01	1.43409737e-01	1.55151408e-01
873             	-5.87003183e-03	2.90439504e-02	2.98557913e-01	1.43408924e-01	1.55148988e-01
874             	-5.87267918e-03	2.90446838e-02	2.98561636e-01	1.43408139e-01	1.55153497e-01
875             	-5.86959781e-03	2.90446043e-02	2.98556984e-01	1.43408894e-01	1.55148090e-01
876             	-5.87138112e-03	2.90451249e-02	2.98561416e-01	1.43409327e-01	1.55152089e-01
877             	-5.86918401e-03	2.90449893e-02	2.98560089e-01	1.43410860e-01	1.55149228e-01
878             	-5.87060076e-03	2.90462495e-02	2.98564664e-01	1.43411731e-01	1.55152933e-01
879             	-5.87016110e-03	2.90457563e-02	2.98564440e-01	1.43412059e-01	1.55152381e-01
880             	-5.87033437e-03	2.90461358e-02	2.98565160e-01	1.43412245e-01	1.55152914e-01
881             	-5.86671379e-03	2.90456791e-02	2.98558559e-01	1.43412566e-01	1.55145993e-01
882             	-5.87072489e-03	2.90461232e-02	2.98563559e-01	1.43411055e-01	1.55152504e-01
883             	-5.86867889e-03	2.90454666e-02	2.98559381e-01	1.43411012e-01	1.55148369e-01
884             	-5.86719874e-03	2.90457010e-02	2.98557761e-01	1.43411682e-01	1.55146079e-01
885             	-5.86564946e-03	2.90448504e-02	2.98556139e-01	1.43412420e-01	1.55143719e-01
886             	-5.86761942e-03	2.90457851e-02	2.98561639e-01	1.43413200e-01	1.55148439e-01
887             	-5.86265412e-03	2.90453995e-02	2.98555799e-01	1.43415245e-01	1.55140553e-01
888             	-5.86579851e-03	2.90460281e-02	2.98561860e-01	1.43415132e-01	1.55146729e-01
889             	-5.86298479e-03	2.90454508e-02	2.98557122e-01	1.43415576e-01	1.55141546e-01
890             	-5.86435922e-03	2.90463440e-02	2.98558511e-01	1.43414896e-01	1.55143615e-01
891             	-5.86377196e-03	2.90454315e-02	2.98555305e-01	1.43413880e-01	1.55141424e-01
892             	-5.86474871e-03	2.90456143e-02	2.98555693e-01	1.43413098e-01	1.55142595e-01
893             	-5.85849597e-03	2.90444087e-02	2.98545291e-01	1.43414150e-01	1.55131141e-01
894             	-5.86318173e-03	2.90450295e-02	2.98553381e-01	1.43413509e-01	1.55139872e-01
895             	-5.86152155e-03	2.90446568e-02	2.98552486e-01	1.43414721e-01	1.55137765e-01
896             	-5.86058947e-03	2.90451934e-02	2.98553706e-01	1.43416264e-01	1.55137442e-01
897             	-5.85863930e-03	2.90443344e-02	2.98552121e-01	1.43417421e-01	1.55134700e-01
898             	-5.86201916e-03	2.90455661e-02	2.98558638e-01	1.43417300e-01	1.55141338e-01
899             	-5.85870919e-03	2.90454734e-02	2.98553043e-01	1.43417812e-01	1.55135231e-01
900             	-5.86043329e-03	2.90457393e-02	2.98555142e-01	1.43417138e-01	1.55138004e-01
901             	-5.85670575e-03	2.90449425e-02	2.98548517e-01	1.43417553e-01	1.55130964e-01
902             	-5.85861199e-03	2.90458945e-02	2.98551473e-01	1.43417124e-01	1.55134348e-01
903             	-5.85889446e-03	2.90450958e-02	2.98551352e-01	1.43416781e-01	1.55134570e-01
904             	-5.85959390e-03	2.90451685e-02	2.98552958e-01	1.43416885e-01	1.55136073e-01
905             	-5.85644593e-03	2.90446480e-02	2.98547985e-01	1.43417546e-01	1.55130438e-01
906             	-5.86019506e-03	2.90450354e-02	2.98553562e-01	1.43416586e-01	1.55136976e-01
907             	-5.85643754e-03	2.90440636e-02	2.98546544e-01	1.43416835e-01	1.55129710e-01
908             	-5.85916134e-03	2.90452856e-02	2.98549925e-01	1.43415801e-01	1.55134124e-01
909             	-5.86045848e-03	2.90448720e-02	2.98549883e-01	1.43414483e-01	1.55135400e-01
910             	-5.86261335e-03	2.90453530e-02	2.98552624e-01	1.43413699e-01	1.55138925e-01
911             	-5.85777449e-03	2.90443866e-02	2.98544711e-01	1.43414581e-01	1.55130130e-01
912             	-5.86142298e-03	2.90445313e-02	2.98550798e-01	1.43413976e-01	1.55136822e-01
913             	-5.86015621e-03	2.90437970e-02	2.98549355e-01	1.43414521e-01	1.55134834e-01
914             	-5.86044457e-03	2.90441259e-02	2.98551052e-01	1.43415082e-01	1.55135971e-01
915             	-5.86072267e-03	2.90432197e-02	2.98550942e-01	1.43414749e-01	1.55136194e-01
916             	-5.86343145e-03	2.90437901e-02	2.98554644e-01	1.43413891e-01	1.55140754e-01
917             	-5.85959391e-03	2.90431876e-02	2.98546762e-01	1.43413787e-01	1.55132975e-01
918             	-5.86555696e-03	2.90440353e-02	2.98553588e-01	1.43411237e-01	1.55142351e-01
919             	-5.86547183e-03	2.90437017e-02	2.98550583e-01	1.43409820e-01	1.55140763e-01
920             	-5.86538786e-03	2.90439891e-02	2.98548984e-01	1.43409104e-01	1.55139880e-01
921             	-5.86631300e-03	2.90432556e-02	2.98549241e-01	1.43408308e-01	1.55140934e-01
922             	-5.86934671e-03	2.90439312e-02	2.98555350e-01	1.43408328e-01	1.55147022e-01
923             	-5.86512095e-03	2.90433445e-02	2.98550917e-01	1.43410338e-01	1.55140579e-01
924             	-5.86891967e-03	2.90440174e-02	2.98559627e-01	1.43410894e-01	1.55148733e-01
925             	-5.86775704e-03	2.90438220e-02	2.98559665e-01	1.43412075e-01	1.55147589e-01
926             	-5.86897364e-03	2.90447213e-02	2.98562865e-01	1.43412459e-01	1.55150406e-01
927             	-5.86742851e-03	2.90437048e-02	2.98559693e-01	1.43412418e-01	1.55147275e-01
928             	-5.87121959e-03	2.90446139e-02	2.98564419e-01	1.43410990e-01	1.55153429e-01
929             	-5.86821529e-03	2.90441238e-02	2.98557299e-01	1.43410434e-01	1.55146865e-01
930             	-5.87240470e-03	2.90445739e-02	2.98561737e-01	1.43408464e-01	1.55153273e-01
931             	-5.86973228e-03	2.90438106e-02	2.98556171e-01	1.43408353e-01	1.55147818e-01
932             	-5.87032907e-03	2.90445827e-02	2.98557714e-01	1.43408528e-01	1.55149186e-01
933             	-5.87119201e-03	2.90444014e-02	2.98560592e-01	1.43409104e-01	1.55151488e-01
934             	-5.87295942e-03	2.90453990e-02	2.98566884e-01	1.43410483e-01	1.55156401e-01
935             	-5.86791848e-03	2.90451200e-02	2.98561686e-01	1.43412925e-01	1.55148762e-01
936             	-5.87033907e-03	2.90458531e-02	2.98567241e-01	1.43413281e-01	1.55153959e-01
937             	-5.86846951e-03	2.90456388e-02	2.98563889e-01	1.43413475e-01	1.55150414e-01
938             	-5.86857474e-03	2.90462241e-02	2.98563084e-01	1.43412967e-01	1.55150117e-01
939             	-5.86710736e-03	2.90450317e-02	2.98558726e-01	1.43412256e-01	1.55146470e-01
940             	-5.86829520e-03	2.90452457e-02	2.98559956e-01	1.43411683e-01	1.55148273e-01
941             	-5.86634225e-03	2.90450444e-02	2.98556808e-01	1.43412062e-01	1.55144746e-01
942             	-5.86990613e-03	2.90455434e-02	2.98563839e-01	1.43412013e-01	1.55151826e-01
943             	-5.86655580e-03	2.90448837e-02	2.98560651e-01	1.43413770e-01	1.55146881e-01
944             	-5.86611427e-03	2.90455745e-02	2.98562751e-01	1.43415261e-01	1.55147490e-01
945             	-5.86411216e-03	2.90447052e-02	2.98560661e-01	1.43416218e-01	1.55144443e-01
946             	-5.86534477e-03	2.90454526e-02	2.98563221e-01	1.43416266e-01	1.55146955e-01
947             	-5.86255693e-03	2.90454753e-02	2.98557330e-01	1.43416108e-01	1.55141222e-01
948             	-5.86544459e-03	2.90458855e-02	2.98559759e-01	1.43414435e-01	1.55145324e-01
949             	-5.86229124e-03	2.90448961e-02	2.98552506e-01	1.43413962e-01	1.55138544e-01
950             	-5.86263217e-03	2.90450959e-02	2.98552077e-01	1.43413406e-01	1.55138671e-01
951             	-5.86263176e-03	2.90440554e-02	2.98552017e-01	1.43413377e-01	1.55138640e-01
952             	-5.86276189e-03	2.90441880e-02	2.98555001e-01	1.43414739e-01	1.55140262e-01
953             	-5.85891687e-03	2.90438861e-02	2.98551664e-01	1.43416915e-01	1.55134749e-01
954             	-5.86266886e-03	2.90448216e-02	2.98560400e-01	1.43417531e-01	1.55142869e-01
955             	-5.85982052e-03	2.90445450e-02	2.98557282e-01	1.43418820e-01	1.55138461e-01
956             	-5.85981438e-03	2.90454006e-02	2.98557540e-01	1.43418956e-01	1.55138584e-01
957             	-5.85983582e-03	2.90448714e-02	2.98555691e-01	1.43418010e-01	1.55137681e-01
958             	-5.86052182e-03	2.90452023e-02	2.98555379e-01	1.43417168e-01	1.55138211e-01
959             	-5.85721989e-03	2.90447142e-02	2.98548361e-01	1.43416961e-01	1.55131400e-01
960             	-5.86117487e-03	2.90449949e-02	2.98553774e-01	1.43415712e-01	1.55138062e-01
961             	-5.85953841e-03	2.90441375e-02	2.98551049e-01	1.43415986e-01	1.55135063e-01
962             	-5.85877496e-03	2.90442158e-02	2.98550953e-01	1.43416702e-01	1.55134252e-01
963             	-5.85945140e-03	2.90435329e-02	2.98551975e-01	1.43416536e-01	1.55135439e-01
964             	-5.86096324e-03	2.90441295e-02	2.98554733e-01	1.43416403e-01	1.55138330e-01
965             	-5.85853965e-03	2.90441591e-02	2.98549888e-01	1.43416404e-01	1.55133484e-01
966             	-5.86217066e-03	2.90448179e-02	2.98554107e-01	1.43414883e-01	1.55139224e-01
967             	-5.86066622e-03	2.90443053e-02	2.98549940e-01	1.43414304e-01	1.55135636e-01
968             	-5.85945804e-03	2.90442617e-02	2.98547503e-01	1.43414294e-01	1.55133210e-01
969             	-5.86077659e-03	2.90433915e-02	2.98548994e-01	1.43413721e-01	1.55135274e-01
970             	-5.86347259e-03	2.90436623e-02	2.98554344e-01	1.43413699e-01	1.55140644e-01
971             	-5.85899453e-03	2.90427048e-02	2.98548367e-01	1.43415189e-01	1.55133178e-01
972             	-5.86337799e-03	2.90431817e-02	2.98555999e-01	1.43414622e-01	1.55141378e-01
973             	-5.86250419e-03	2.90428169e-02	2.98554220e-01	1.43414606e-01	1.55139614e-01
974             	-5.86405709e-03	2.90436381e-02	2.98555532e-01	1.43413709e-01	1.55141823e-01
975             	-5.86311161e-03	2.90426330e-02	2.98550814e-01	1.43412295e-01	1.55138519e-01
976             	-5.86773792e-03	2.90436697e-02	2.98555080e-01	1.43409802e-01	1.55145278e-01
977             	-5.86589742e-03	2.90434490e-02	2.98549537e-01	1.43408871e-01	1.55140666e-01
978             	-5.86912092e-03	2.90436435e-02	2.98553766e-01	1.43407762e-01	1.55146004e-01
979             	-5.86724293e-03	2.90429285e-02	2.98551797e-01	1.43408655e-01	1.55143141e-01
980             	-5.86573010e-03	2.90430234e-02	2.98552760e-01	1.43410650e-01	1.55142110e-01
981             	-5.86797924e-03	2.90428498e-02	2.98559110e-01	1.43411576e-01	1.55147534e-01
982             	-5.87158224e-03	2.90439046e-02	2.98567812e-01	1.43412324e-01	1.55155488e-01
983             	-5.86885847e-03	2.90438045e-02	2.98564816e-01	1.43413550e-01	1.55151267e-01
984             	-5.87112054e-03	2.90440571e-02	2.98567882e-01	1.43412820e-01	1.55155061e-01
985             	-5.86948219e-03	2.90435320e-02	2.98562849e-01	1.43411943e-01	1.55150907e-01
986             	-5.87057057e-03	2.90441500e-02	2.98561878e-01	1.43410368e-01	1.55151510e-01
987             	-5.87004769e-03	2.90431991e-02	2.98557768e-01	1.43408837e-01	1.55148932e-01
988             	-5.87188660e-03	2.90437324e-02	2.98559483e-01	1.43407855e-01	1.55151628e-01
989             	-5.87004295e-03	2.90438348e-02	2.98557298e-01	1.43408606e-01	1.55148692e-01
990             	-5.87370109e-03	2.90446663e-02	2.98566373e-01	1.43409486e-01	1.55156888e-01
991             	-5.87025587e-03	2.90442536e-02	2.98564899e-01	1.43412194e-01	1.55152705e-01
992             	-5.87089673e-03	2.90454314e-02	2.98569662e-01	1.43413934e-01	1.55155728e-01
993             	-5.87011522e-03	2.90449734e-02	2.98569393e-01	1.43414581e-01	1.55154812e-01
994             	-5.87285965e-03	2.90459503e-02	2.98573302e-01	1.43413791e-01	1.55159511e-01
995             	-5.86868346e-03	2.90454096e-02	2.98564737e-01	1.43413685e-01	1.55151052e-01
996             	-5.87172240e-03	2.90456455e-02	2.98567777e-01	1.43412166e-01	1.55155611e-01
997             	-5.86858599e-03	2.90446608e-02	2.98561829e-01	1.43412329e-01	1.55149501e-01
998             	-5.86822703e-03	2.90449808e-02	2.98562212e-01	1.43412879e-01	1.55149333e-01
999             	-5.86646649e-03	2.90439447e-02	2.98560896e-01	1.43413981e-01	1.55146914e-01
1000            	-5.86709560e-03	2.90445911e-02	2.98565121e-01	1.43415465e-01	1.55149656e-01
