# Force coefficients
# liftDir       : (-6.97564740e-02 0.00000000e+00 9.97564050e-01)
# dragDir       : (9.97564050e-01 0.00000000e+00 6.97564740e-02)
# pitchAxis     : (0.00000000e+00 1.00000000e+00 0.00000000e+00)
# magUInf       : 2.50000000e+01
# lRef          : 6.41500000e-01
# Aref          : 2.60400000e+00
# CofR          : (1.07000000e+00 0.00000000e+00 0.00000000e+00)
# Time          	Cm              	Cd              	Cl              	Cl(f)           	Cl(r)           
0               	4.05704417e-05	6.50981076e-04	-3.90030991e-05	2.10688922e-05	-6.00719913e-05
1               	4.23794677e-04	5.07452919e-03	-4.10252688e-04	2.18668333e-04	-6.28921021e-04
2               	1.17645087e-03	1.16664016e-02	-1.57040008e-03	3.91250829e-04	-1.96165091e-03
3               	1.76326280e-03	1.77187656e-02	-2.33762701e-03	5.94449296e-04	-2.93207630e-03
4               	1.94308053e-03	2.09633895e-02	-2.27633793e-03	8.04911567e-04	-3.08124949e-03
5               	1.83954444e-03	2.09679734e-02	-1.80318605e-03	9.37951417e-04	-2.74113747e-03
6               	1.59876156e-03	1.88313438e-02	-1.22810583e-03	9.84708643e-04	-2.21281448e-03
7               	1.51017883e-03	1.64372365e-02	-1.21024385e-03	9.05056906e-04	-2.11530076e-03
8               	1.63577575e-03	1.55369589e-02	-1.72887400e-03	7.71338748e-04	-2.50021274e-03
9               	2.02069439e-03	1.65242471e-02	-2.81356966e-03	6.13909562e-04	-3.42747922e-03
10              	2.47236523e-03	1.92100081e-02	-3.87154103e-03	5.36594714e-04	-4.40813575e-03
11              	2.77935220e-03	2.25942393e-02	-4.32552967e-03	6.16587363e-04	-4.94211703e-03
12              	2.88571598e-03	2.55119507e-02	-4.10932924e-03	8.31051363e-04	-4.94038060e-03
13              	2.85150054e-03	2.73911925e-02	-3.45434083e-03	1.12433013e-03	-4.57867096e-03
14              	2.80050123e-03	2.82509036e-02	-2.75465366e-03	1.42317441e-03	-4.17782806e-03
15              	2.86151877e-03	2.84511870e-02	-2.38860572e-03	1.66721591e-03	-4.05582163e-03
16              	3.12683039e-03	2.85918517e-02	-2.61865968e-03	1.81750055e-03	-4.43616023e-03
17              	3.52148655e-03	2.91507383e-02	-3.19377754e-03	1.92459778e-03	-5.11837532e-03
18              	4.02025255e-03	3.03413364e-02	-3.97053328e-03	2.03498591e-03	-6.00551919e-03
19              	4.49696261e-03	3.21051067e-02	-4.52433554e-03	2.23479484e-03	-6.75913038e-03
20              	4.84443818e-03	3.38937370e-02	-4.58941864e-03	2.54972886e-03	-7.13914749e-03
21              	5.07419100e-03	3.53370624e-02	-4.22183437e-03	2.96327381e-03	-7.18510818e-03
22              	5.25798090e-03	3.63013003e-02	-3.62378818e-03	3.44608681e-03	-7.06987499e-03
23              	5.45914416e-03	3.69068622e-02	-2.86545081e-03	4.02641876e-03	-6.89186957e-03
24              	5.73533982e-03	3.73163724e-02	-2.20552323e-03	4.63257821e-03	-6.83810144e-03
25              	6.08311194e-03	3.77423206e-02	-1.70649127e-03	5.22986631e-03	-6.93635758e-03
26              	6.46304266e-03	3.83041725e-02	-1.30223465e-03	5.81192533e-03	-7.11415998e-03
27              	6.83584949e-03	3.90270578e-02	-7.52187393e-04	6.45975579e-03	-7.21194318e-03
28              	7.15352475e-03	3.98652397e-02	1.87944438e-04	7.24749697e-03	-7.05955253e-03
29              	7.40539961e-03	4.06647958e-02	1.31997235e-03	8.06538579e-03	-6.74541344e-03
30              	7.62110953e-03	4.13624254e-02	2.52894385e-03	8.88558146e-03	-6.35663760e-03
31              	7.84347431e-03	4.19602688e-02	3.73211221e-03	9.70953042e-03	-5.97741821e-03
32              	8.11065112e-03	4.25015261e-02	4.89283239e-03	1.05570673e-02	-5.66423493e-03
33              	8.43741953e-03	4.30355167e-02	6.01816130e-03	1.14465002e-02	-5.42833887e-03
34              	8.81073560e-03	4.35848792e-02	7.15641958e-03	1.23889454e-02	-5.23252581e-03
35              	9.20093802e-03	4.41354431e-02	8.37028244e-03	1.33860792e-02	-5.01579680e-03
36              	9.57886726e-03	4.46517147e-02	9.70053215e-03	1.44291333e-02	-4.72860118e-03
37              	9.93259058e-03	4.51032324e-02	1.11530079e-02	1.55090945e-02	-4.35608664e-03
38              	1.02667215e-02	4.54768680e-02	1.27276134e-02	1.66305282e-02	-3.90291482e-03
39              	1.05946173e-02	4.57741178e-02	1.44284989e-02	1.78088667e-02	-3.38036782e-03
40              	1.09312293e-02	4.59099098e-02	1.63715478e-02	1.91170032e-02	-2.74545540e-03
41              	1.12852697e-02	4.59593884e-02	1.84916527e-02	2.05310961e-02	-2.03944337e-03
42              	1.16535262e-02	4.59934043e-02	2.07357949e-02	2.20214236e-02	-1.28562874e-03
43              	1.20236682e-02	4.60492150e-02	2.30979357e-02	2.35726360e-02	-4.74700369e-04
44              	1.23799286e-02	4.61267984e-02	2.56197750e-02	2.51898161e-02	4.29958900e-04
45              	1.27060157e-02	4.61977532e-02	2.83583509e-02	2.68851912e-02	1.47315974e-03
46              	1.29765071e-02	4.63193848e-02	3.12453932e-02	2.85992037e-02	2.64618943e-03
47              	1.31939763e-02	4.64031147e-02	3.44057291e-02	3.03968408e-02	4.00888830e-03
48              	1.33659280e-02	4.63859553e-02	3.79323155e-02	3.23320857e-02	5.60022977e-03
49              	1.34976305e-02	4.62520706e-02	4.18568758e-02	3.44260684e-02	7.43080736e-03
50              	1.35931983e-02	4.60305294e-02	4.61374457e-02	3.66619212e-02	9.47552458e-03
51              	1.36485985e-02	4.57730764e-02	5.06944943e-02	3.89958457e-02	1.16986486e-02
52              	1.36601433e-02	4.55252310e-02	5.54497756e-02	4.13850311e-02	1.40647445e-02
53              	1.36223023e-02	4.53060096e-02	6.03654172e-02	4.38050109e-02	1.65604063e-02
54              	1.35278398e-02	4.51081491e-02	6.54430134e-02	4.62493465e-02	1.91936668e-02
55              	1.33749551e-02	4.49100630e-02	7.06927692e-02	4.87213397e-02	2.19714294e-02
56              	1.31743972e-02	4.46480907e-02	7.62675734e-02	5.13081839e-02	2.49593895e-02
57              	1.29321804e-02	4.43516008e-02	8.20091593e-02	5.39367601e-02	2.80723992e-02
58              	1.26558161e-02	4.40503199e-02	8.77424268e-02	5.65270295e-02	3.12153972e-02
59              	1.23535071e-02	4.37571833e-02	9.33488114e-02	5.90279128e-02	3.43208986e-02
60              	1.20313359e-02	4.34679160e-02	9.87863227e-02	6.14244973e-02	3.73618254e-02
61              	1.16915998e-02	4.31689352e-02	1.04066364e-01	6.37247819e-02	4.03415823e-02
62              	1.13351081e-02	4.28471510e-02	1.09218452e-01	6.59443340e-02	4.32741179e-02
63              	1.09647263e-02	4.24989818e-02	1.14250913e-01	6.80901829e-02	4.61607303e-02
64              	1.05880352e-02	4.21299102e-02	1.19137944e-01	7.01570071e-02	4.89809367e-02
65              	1.02131512e-02	4.17497594e-02	1.23824969e-01	7.21256357e-02	5.16993332e-02
66              	9.86326524e-03	4.13859041e-02	1.28174371e-01	7.39504508e-02	5.42239203e-02
67              	9.51360941e-03	4.09683371e-02	1.32222192e-01	7.56247056e-02	5.65974867e-02
68              	9.18035370e-03	4.05301795e-02	1.35929047e-01	7.71448771e-02	5.87841697e-02
69              	8.86891565e-03	4.01114965e-02	1.39329554e-01	7.85336925e-02	6.07958612e-02
70              	8.55057721e-03	3.96779299e-02	1.42549912e-01	7.98255330e-02	6.27243786e-02
71              	8.22803243e-03	3.92466008e-02	1.45588514e-01	8.10222894e-02	6.45662245e-02
72              	7.91211755e-03	3.88338298e-02	1.48401949e-01	8.21130923e-02	6.62888572e-02
73              	7.61398563e-03	3.84437761e-02	1.50943851e-01	8.30859114e-02	6.78579401e-02
74              	7.33746602e-03	3.80692253e-02	1.53191820e-01	8.39333760e-02	6.92584440e-02
75              	7.08011156e-03	3.76982020e-02	1.55154308e-01	8.46572658e-02	7.04970426e-02
76              	6.79340124e-03	3.73524738e-02	1.56963597e-01	8.52751996e-02	7.16883971e-02
77              	6.50162979e-03	3.70183438e-02	1.58587886e-01	8.57955726e-02	7.27923130e-02
78              	6.22896098e-03	3.66841899e-02	1.59996154e-01	8.62270378e-02	7.37691158e-02
79              	5.99072055e-03	3.63450123e-02	1.61175815e-01	8.65786279e-02	7.45971868e-02
80              	5.78476414e-03	3.60041827e-02	1.62143470e-01	8.68564991e-02	7.52869708e-02
81              	5.76187810e-03	3.57068268e-02	1.62633778e-01	8.70787671e-02	7.55550109e-02
82              	5.78058661e-03	3.54477383e-02	1.62952612e-01	8.72568925e-02	7.56957192e-02
83              	5.72094119e-03	3.52091792e-02	1.63346349e-01	8.73941156e-02	7.59522332e-02
84              	5.53035560e-03	3.49755598e-02	1.63918936e-01	8.74898237e-02	7.64291125e-02
85              	5.23384850e-03	3.47378473e-02	1.64618472e-01	8.75430846e-02	7.70753876e-02
86              	4.89883680e-03	3.44956563e-02	1.65309078e-01	8.75533757e-02	7.77557021e-02
87              	4.59683203e-03	3.42544539e-02	1.65856308e-01	8.75249861e-02	7.83313221e-02
88              	4.36538177e-03	3.40258712e-02	1.66197402e-01	8.74640826e-02	7.87333191e-02
89              	4.20190186e-03	3.38205016e-02	1.66354707e-01	8.73792554e-02	7.89754516e-02
90              	4.06977996e-03	3.36431092e-02	1.66411843e-01	8.72757013e-02	7.91361414e-02
91              	3.91694904e-03	3.34908848e-02	1.66508289e-01	8.71710935e-02	7.93371954e-02
92              	3.74158777e-03	3.33484444e-02	1.66611780e-01	8.70474778e-02	7.95643023e-02
93              	3.54325133e-03	3.32115257e-02	1.66739439e-01	8.69129710e-02	7.98264683e-02
94              	3.33444032e-03	3.30785465e-02	1.66883015e-01	8.67759479e-02	8.01070672e-02
95              	3.13479991e-03	3.29485688e-02	1.67015412e-01	8.66425059e-02	8.03729061e-02
96              	2.95950082e-03	3.28218654e-02	1.67112048e-01	8.65155249e-02	8.05965233e-02
97              	2.81682067e-03	3.26987892e-02	1.67157897e-01	8.63957691e-02	8.07621278e-02
98              	2.70477258e-03	3.25812321e-02	1.67156797e-01	8.62831713e-02	8.08736261e-02
99              	2.61723800e-03	3.24702082e-02	1.67124190e-01	8.61793330e-02	8.09448570e-02
100             	2.54561387e-03	3.23675147e-02	1.67080669e-01	8.60859482e-02	8.09947205e-02
101             	2.48817402e-03	3.22729512e-02	1.67036229e-01	8.60062884e-02	8.10299403e-02
102             	2.44226529e-03	3.21871208e-02	1.66997772e-01	8.59411512e-02	8.10566206e-02
103             	2.41471764e-03	3.21085206e-02	1.66957040e-01	8.58932374e-02	8.10638021e-02
104             	2.40701180e-03	3.20368742e-02	1.66907823e-01	8.58609234e-02	8.10468998e-02
105             	2.42356126e-03	3.19692573e-02	1.66838171e-01	8.58426468e-02	8.09955243e-02
106             	2.46455991e-03	3.19042518e-02	1.66745784e-01	8.58374518e-02	8.09083320e-02
107             	2.53148791e-03	3.18400520e-02	1.66629854e-01	8.58464151e-02	8.07834393e-02
108             	2.61891606e-03	3.17776051e-02	1.66499021e-01	8.58684263e-02	8.06305942e-02
109             	2.72613033e-03	3.17177719e-02	1.66356673e-01	8.59044670e-02	8.04522063e-02
110             	2.85104781e-03	3.16624700e-02	1.66211103e-01	8.59565995e-02	8.02545039e-02
111             	2.99634207e-03	3.16120904e-02	1.66060851e-01	8.60267676e-02	8.00340834e-02
112             	3.16067906e-03	3.15675182e-02	1.65908756e-01	8.61150569e-02	7.97936988e-02
113             	3.34687341e-03	3.15274093e-02	1.65750726e-01	8.62222365e-02	7.95284897e-02
114             	3.55228623e-03	3.14912471e-02	1.65589262e-01	8.63469172e-02	7.92423447e-02
115             	3.77742691e-03	3.14578448e-02	1.65425856e-01	8.64903548e-02	7.89355010e-02
116             	4.02671805e-03	3.14230442e-02	1.65242534e-01	8.66479853e-02	7.85945492e-02
117             	4.28443209e-03	3.13941464e-02	1.65095784e-01	8.68323242e-02	7.82634600e-02
118             	4.55673727e-03	3.13644397e-02	1.64956340e-01	8.70349074e-02	7.79214328e-02
119             	4.84559330e-03	3.13335433e-02	1.64820447e-01	8.72558170e-02	7.75646304e-02
120             	5.15899083e-03	3.12988126e-02	1.64672823e-01	8.74954024e-02	7.71774207e-02
121             	5.48331395e-03	3.12688470e-02	1.64544346e-01	8.77554872e-02	7.67888593e-02
122             	5.80172299e-03	3.12485211e-02	1.64457845e-01	8.80306457e-02	7.64271997e-02
123             	6.13825378e-03	3.12271019e-02	1.64380773e-01	8.83286405e-02	7.60521329e-02
124             	6.49180453e-03	3.12038837e-02	1.64318493e-01	8.86510509e-02	7.56674419e-02
125             	6.87947273e-03	3.11733911e-02	1.64258996e-01	8.90089709e-02	7.52500254e-02
126             	7.24779828e-03	3.11501908e-02	1.64246069e-01	8.93708327e-02	7.48752362e-02
127             	7.62303745e-03	3.11253482e-02	1.64259280e-01	8.97526775e-02	7.45066026e-02
128             	7.99787361e-03	3.10994482e-02	1.64308834e-01	9.01522906e-02	7.41565433e-02
129             	8.37612367e-03	3.10720820e-02	1.64391590e-01	9.05719188e-02	7.38196715e-02
130             	8.75100588e-03	3.10443022e-02	1.64515006e-01	9.10085087e-02	7.35064969e-02
131             	9.12187780e-03	3.10156025e-02	1.64676701e-01	9.14602285e-02	7.32164729e-02
132             	9.48927526e-03	3.09871012e-02	1.64881738e-01	9.19301441e-02	7.29515936e-02
133             	9.85205348e-03	3.09577379e-02	1.65126832e-01	9.24154694e-02	7.27113624e-02
134             	1.02101845e-02	3.09273751e-02	1.65413562e-01	9.29169654e-02	7.24965964e-02
135             	1.05683618e-02	3.08945896e-02	1.65736687e-01	9.34367052e-02	7.22999816e-02
136             	1.09258964e-02	3.08593494e-02	1.66097719e-01	9.39747557e-02	7.21229628e-02
137             	1.12877364e-02	3.08213315e-02	1.66490652e-01	9.45330622e-02	7.19575895e-02
138             	1.16568388e-02	3.07810420e-02	1.66913485e-01	9.51135814e-02	7.17999039e-02
139             	1.20395988e-02	3.07381124e-02	1.67359135e-01	9.57191664e-02	7.16399687e-02
140             	1.24394784e-02	3.06927254e-02	1.67826933e-01	9.63529451e-02	7.14739883e-02
141             	1.28599220e-02	3.06446646e-02	1.68312564e-01	9.70162041e-02	7.12963601e-02
142             	1.33013786e-02	3.05940003e-02	1.68812861e-01	9.77078088e-02	7.11050517e-02
143             	1.37714586e-02	3.05401996e-02	1.69317930e-01	9.84304237e-02	7.08875064e-02
144             	1.42781149e-02	3.04833456e-02	1.69820160e-01	9.91881950e-02	7.06319652e-02
145             	1.48323067e-02	3.04234273e-02	1.70309320e-01	9.99869665e-02	7.03223531e-02
146             	1.53413733e-02	3.03036923e-02	1.70725277e-01	1.00704012e-01	7.00212653e-02
147             	1.58815949e-02	3.01417084e-02	1.71112129e-01	1.01437660e-01	6.96744698e-02
148             	1.64866338e-02	2.99807279e-02	1.71483698e-01	1.02228483e-01	6.92552150e-02
149             	1.71834122e-02	2.98562581e-02	1.71839295e-01	1.03103060e-01	6.87362352e-02
150             	1.79834268e-02	2.97771674e-02	1.72177888e-01	1.04072371e-01	6.81055174e-02
151             	1.88829269e-02	2.97391258e-02	1.72497736e-01	1.05131795e-01	6.73659410e-02
152             	1.98477627e-02	2.97271776e-02	1.72794561e-01	1.06245043e-01	6.65495179e-02
153             	2.08537292e-02	2.97174614e-02	1.73054626e-01	1.07381042e-01	6.56735838e-02
154             	2.18807706e-02	2.96890300e-02	1.73269915e-01	1.08515728e-01	6.47541870e-02
155             	2.29049553e-02	2.96325260e-02	1.73425056e-01	1.09617483e-01	6.38075727e-02
156             	2.39667311e-02	2.95463625e-02	1.73531005e-01	1.10732234e-01	6.27987716e-02
157             	2.51069431e-02	2.94338796e-02	1.73581141e-01	1.11897513e-01	6.16836271e-02
158             	2.63271296e-02	2.93103613e-02	1.73578103e-01	1.13116181e-01	6.04619218e-02
159             	2.76164024e-02	2.91905916e-02	1.73520793e-01	1.14376799e-01	5.91439939e-02
160             	2.89481463e-02	2.90859331e-02	1.73422707e-01	1.15659500e-01	5.77632072e-02
161             	3.02957904e-02	2.90001006e-02	1.73288334e-01	1.16939957e-01	5.63483764e-02
162             	3.16253026e-02	2.89306537e-02	1.73134975e-01	1.18192790e-01	5.49421848e-02
163             	3.29271340e-02	2.88671697e-02	1.72963946e-01	1.19409107e-01	5.35548390e-02
164             	3.42016507e-02	2.88008194e-02	1.72783782e-01	1.20593542e-01	5.21902401e-02
165             	3.54675604e-02	2.87218049e-02	1.72589254e-01	1.21762187e-01	5.08270664e-02
166             	3.67314429e-02	2.86283253e-02	1.72385243e-01	1.22924064e-01	4.94611786e-02
167             	3.79971782e-02	2.85209864e-02	1.72164645e-01	1.24079501e-01	4.80851443e-02
168             	3.92441966e-02	2.84069364e-02	1.71938301e-01	1.25213347e-01	4.67249539e-02
169             	4.04614167e-02	2.82918465e-02	1.71705569e-01	1.26314201e-01	4.53913680e-02
170             	4.16327160e-02	2.81824324e-02	1.71477806e-01	1.27371619e-01	4.41061872e-02
171             	4.27523506e-02	2.80799059e-02	1.71256520e-01	1.28380610e-01	4.28759092e-02
172             	4.38112368e-02	2.79850673e-02	1.71055280e-01	1.29338877e-01	4.17164033e-02
173             	4.48096325e-02	2.78937756e-02	1.70877540e-01	1.30248403e-01	4.06291375e-02
174             	4.58512108e-02	2.78640636e-02	1.70782327e-01	1.31242374e-01	3.95399526e-02
175             	4.67951292e-02	2.78646607e-02	1.70769199e-01	1.32179729e-01	3.85894705e-02
176             	4.76154730e-02	2.78461696e-02	1.70797551e-01	1.33014248e-01	3.77833023e-02
177             	4.82967805e-02	2.77872836e-02	1.70822112e-01	1.33707836e-01	3.71142753e-02
178             	4.89633749e-02	2.76647564e-02	1.70831385e-01	1.34379067e-01	3.64523176e-02
179             	4.95968452e-02	2.75059072e-02	1.70823963e-01	1.35008827e-01	3.58151363e-02
180             	5.01971373e-02	2.73437725e-02	1.70824823e-01	1.35609549e-01	3.52152740e-02
181             	5.07530038e-02	2.72048244e-02	1.70862325e-01	1.36184166e-01	3.46781588e-02
182             	5.12236569e-02	2.71141066e-02	1.70963266e-01	1.36705290e-01	3.42579759e-02
183             	5.16692661e-02	2.70313264e-02	1.71132358e-01	1.37235445e-01	3.38969128e-02
184             	5.20388183e-02	2.69692423e-02	1.71366108e-01	1.37721872e-01	3.36442359e-02
185             	5.23346908e-02	2.69144920e-02	1.71645926e-01	1.38157654e-01	3.34882722e-02
186             	5.25667998e-02	2.68557404e-02	1.71952181e-01	1.38542890e-01	3.34092908e-02
187             	5.27560032e-02	2.67852546e-02	1.72270485e-01	1.38891246e-01	3.33792395e-02
188             	5.29036785e-02	2.67037529e-02	1.72605366e-01	1.39206361e-01	3.33990045e-02
189             	5.30232084e-02	2.66165157e-02	1.72957229e-01	1.39501823e-01	3.34554060e-02
190             	5.31056279e-02	2.65330546e-02	1.73338295e-01	1.39774775e-01	3.35635195e-02
191             	5.31494803e-02	2.64588167e-02	1.73752434e-01	1.40025697e-01	3.37267369e-02
192             	5.31451876e-02	2.63974642e-02	1.74204385e-01	1.40247380e-01	3.39570049e-02
193             	5.30937184e-02	2.63471286e-02	1.74690669e-01	1.40439053e-01	3.42516163e-02
194             	5.29854459e-02	2.63053939e-02	1.75213797e-01	1.40592344e-01	3.46214525e-02
195             	5.28319499e-02	2.62657736e-02	1.75763698e-01	1.40713799e-01	3.50498993e-02
196             	5.26279636e-02	2.62252282e-02	1.76342122e-01	1.40799025e-01	3.55430975e-02
197             	5.23794713e-02	2.61814021e-02	1.76945425e-01	1.40852184e-01	3.60932412e-02
198             	5.20867209e-02	2.61361367e-02	1.77572840e-01	1.40873141e-01	3.66996990e-02
199             	5.17569690e-02	2.60910570e-02	1.78221416e-01	1.40867677e-01	3.73537389e-02
200             	5.13838252e-02	2.60492794e-02	1.78894812e-01	1.40831231e-01	3.80635806e-02
201             	5.09728355e-02	2.60119451e-02	1.79593254e-01	1.40769463e-01	3.88237915e-02
202             	5.05195834e-02	2.59803540e-02	1.80320200e-01	1.40679683e-01	3.96405165e-02
203             	5.00257083e-02	2.59532325e-02	1.81073096e-01	1.40562256e-01	4.05108395e-02
204             	4.94893999e-02	2.59297701e-02	1.81853532e-01	1.40416166e-01	4.14373664e-02
205             	4.89175928e-02	2.59077729e-02	1.82657119e-01	1.40246152e-01	4.24109667e-02
206             	4.83202057e-02	2.58870429e-02	1.83481611e-01	1.40061011e-01	4.34206000e-02
207             	4.76997124e-02	2.58667915e-02	1.84327120e-01	1.39863273e-01	4.44638478e-02
208             	4.70635077e-02	2.58482685e-02	1.85193179e-01	1.39660097e-01	4.55330820e-02
209             	4.64157421e-02	2.58317879e-02	1.86077174e-01	1.39454329e-01	4.66228450e-02
210             	4.57621897e-02	2.58186068e-02	1.86978114e-01	1.39251246e-01	4.77268671e-02
211             	4.51075852e-02	2.58083765e-02	1.87895690e-01	1.39055430e-01	4.88402599e-02
212             	4.44618284e-02	2.58015197e-02	1.88827079e-01	1.38875368e-01	4.99517108e-02
213             	4.38322359e-02	2.57971029e-02	1.89768248e-01	1.38716360e-01	5.10518883e-02
214             	4.32238176e-02	2.57947556e-02	1.90718508e-01	1.38583071e-01	5.21354361e-02
215             	4.26394527e-02	2.57897394e-02	1.91693473e-01	1.38486189e-01	5.32072837e-02
216             	4.20822636e-02	2.57480213e-02	1.92631502e-01	1.38398015e-01	5.42334874e-02
217             	4.15777551e-02	2.56942245e-02	1.93547535e-01	1.38351522e-01	5.51960122e-02
218             	4.11454247e-02	2.56538043e-02	1.94451599e-01	1.38371224e-01	5.60803750e-02
219             	4.07979956e-02	2.56402969e-02	1.95322185e-01	1.38459088e-01	5.68630967e-02
220             	4.05277892e-02	2.56418496e-02	1.96212070e-01	1.38633824e-01	5.75782457e-02
221             	4.03349467e-02	2.56497744e-02	1.97067635e-01	1.38868764e-01	5.81988708e-02
222             	4.02118256e-02	2.56508121e-02	1.97866875e-01	1.39145263e-01	5.87216117e-02
223             	4.01493275e-02	2.56354953e-02	1.98607403e-01	1.39453029e-01	5.91543738e-02
224             	4.01505103e-02	2.56019527e-02	1.99288936e-01	1.39794978e-01	5.94939579e-02
225             	4.02164319e-02	2.55554582e-02	1.99927125e-01	1.40179995e-01	5.97471307e-02
226             	4.03524640e-02	2.55048771e-02	2.00528528e-01	1.40616728e-01	5.99118000e-02
227             	4.05560598e-02	2.54571348e-02	2.01105176e-01	1.41108648e-01	5.99965282e-02
228             	4.08241667e-02	2.54151343e-02	2.01654822e-01	1.41651578e-01	6.00032445e-02
229             	4.11430540e-02	2.53783392e-02	2.02182514e-01	1.42234311e-01	5.99482030e-02
230             	4.14913713e-02	2.53431355e-02	2.02687071e-01	1.42834907e-01	5.98521644e-02
231             	4.18548360e-02	2.53058325e-02	2.03171889e-01	1.43440781e-01	5.97311087e-02
232             	4.22233988e-02	2.52639878e-02	2.03636619e-01	1.44041708e-01	5.95949106e-02
233             	4.25858119e-02	2.52174817e-02	2.04091580e-01	1.44631602e-01	5.94599783e-02
234             	4.29355739e-02	2.51685369e-02	2.04539592e-01	1.45205370e-01	5.93342219e-02
235             	4.32623749e-02	2.51203483e-02	2.04992452e-01	1.45758601e-01	5.92338512e-02
236             	4.35614609e-02	2.50750944e-02	2.05449621e-01	1.46286271e-01	5.91633495e-02
237             	4.38228249e-02	2.50352577e-02	2.05923306e-01	1.46784478e-01	5.91388283e-02
238             	4.40408777e-02	2.50002995e-02	2.06409841e-01	1.47245798e-01	5.91640430e-02
239             	4.42051579e-02	2.49693025e-02	2.06914455e-01	1.47662385e-01	5.92520697e-02
240             	4.43157948e-02	2.49404048e-02	2.07432778e-01	1.48032184e-01	5.94005942e-02
241             	4.43727355e-02	2.49130039e-02	2.07969729e-01	1.48357600e-01	5.96121291e-02
242             	4.43803946e-02	2.48863561e-02	2.08521042e-01	1.48640916e-01	5.98801263e-02
243             	4.43424915e-02	2.48605621e-02	2.09088344e-01	1.48886664e-01	6.02016807e-02
244             	4.42633871e-02	2.48353484e-02	2.09664009e-01	1.49095391e-01	6.05686172e-02
245             	4.41489979e-02	2.48113506e-02	2.10247919e-01	1.49272958e-01	6.09749618e-02
246             	4.40015926e-02	2.47888500e-02	2.10836675e-01	1.49419930e-01	6.14167447e-02
247             	4.38285518e-02	2.47672080e-02	2.11428099e-01	1.49542601e-01	6.18854976e-02
248             	4.36323816e-02	2.47463535e-02	2.12017103e-01	1.49640933e-01	6.23761697e-02
249             	4.34180890e-02	2.47260715e-02	2.12604727e-01	1.49720453e-01	6.28842744e-02
250             	4.31902670e-02	2.47052873e-02	2.13184004e-01	1.49782269e-01	6.34017350e-02
251             	4.29531720e-02	2.46837697e-02	2.13757390e-01	1.49831867e-01	6.39255231e-02
252             	4.27098386e-02	2.46618830e-02	2.14322859e-01	1.49871268e-01	6.44515907e-02
253             	4.24615789e-02	2.46400193e-02	2.14886660e-01	1.49904909e-01	6.49817509e-02
254             	4.22067347e-02	2.46187842e-02	2.15449451e-01	1.49931460e-01	6.55179908e-02
255             	4.19441312e-02	2.45980632e-02	2.16015797e-01	1.49952030e-01	6.60637675e-02
256             	4.16742924e-02	2.45776566e-02	2.16581207e-01	1.49964896e-01	6.66163111e-02
257             	4.13980322e-02	2.45579666e-02	2.17151294e-01	1.49973679e-01	6.71776150e-02
258             	4.11135271e-02	2.45396651e-02	2.17729054e-01	1.49978054e-01	6.77509998e-02
259             	4.08207559e-02	2.45228744e-02	2.18320113e-01	1.49980813e-01	6.83393007e-02
260             	4.05122283e-02	2.45096641e-02	2.18934309e-01	1.49979383e-01	6.89549264e-02
261             	4.01881629e-02	2.44997188e-02	2.19573810e-01	1.49975068e-01	6.95987420e-02
262             	3.98481873e-02	2.44929306e-02	2.20234283e-01	1.49965329e-01	7.02689543e-02
263             	3.94935537e-02	2.44886321e-02	2.20916583e-01	1.49951845e-01	7.09647377e-02
264             	3.91224731e-02	2.44868404e-02	2.21619836e-01	1.49932391e-01	7.16874447e-02
265             	3.87333538e-02	2.44883171e-02	2.22352845e-01	1.49909776e-01	7.24430687e-02
266             	3.83288036e-02	2.44923851e-02	2.23107192e-01	1.49882400e-01	7.32247926e-02
267             	3.79156782e-02	2.44980716e-02	2.23877551e-01	1.49854453e-01	7.40230971e-02
268             	3.74970631e-02	2.45055254e-02	2.24657385e-01	1.49825756e-01	7.48316294e-02
269             	3.70784424e-02	2.45136146e-02	2.25438909e-01	1.49797897e-01	7.56410120e-02
270             	3.66610422e-02	2.45223411e-02	2.26215067e-01	1.49768576e-01	7.64464913e-02
271             	3.62499187e-02	2.45312217e-02	2.26982141e-01	1.49740989e-01	7.72411519e-02
272             	3.58443005e-02	2.45406590e-02	2.27736940e-01	1.49712770e-01	7.80241694e-02
273             	3.54439296e-02	2.45512702e-02	2.28483833e-01	1.49685846e-01	7.87979868e-02
274             	3.50504173e-02	2.45628050e-02	2.29217744e-01	1.49659289e-01	7.95584545e-02
275             	3.46688787e-02	2.45747977e-02	2.29938174e-01	1.49637966e-01	8.03002083e-02
276             	3.42987655e-02	2.45872488e-02	2.30644128e-01	1.49620830e-01	8.10232987e-02
277             	3.39535351e-02	2.45790580e-02	2.31312800e-01	1.49609935e-01	8.17028650e-02
278             	3.36187657e-02	2.45654891e-02	2.31963632e-01	1.49600581e-01	8.23630501e-02
279             	3.32909956e-02	2.45596245e-02	2.32609882e-01	1.49595936e-01	8.30139453e-02
280             	3.29677199e-02	2.45688238e-02	2.33259267e-01	1.49597353e-01	8.36619135e-02
281             	3.26576184e-02	2.45905015e-02	2.33910063e-01	1.49612650e-01	8.42974132e-02
282             	3.23674289e-02	2.46173721e-02	2.34553788e-01	1.49644323e-01	8.49094650e-02
283             	3.21118641e-02	2.46407251e-02	2.35166136e-01	1.49694932e-01	8.54712037e-02
284             	3.18832794e-02	2.46562129e-02	2.35764830e-01	1.49765694e-01	8.59991356e-02
285             	3.16814227e-02	2.46615908e-02	2.36359203e-01	1.49861024e-01	8.64981789e-02
286             	3.15001466e-02	2.46620561e-02	2.36933311e-01	1.49966802e-01	8.69665091e-02
287             	3.13405109e-02	2.46628570e-02	2.37474728e-01	1.50077875e-01	8.73968530e-02
288             	3.11904290e-02	2.46669276e-02	2.38013628e-01	1.50197243e-01	8.78163850e-02
289             	3.10558252e-02	2.46734024e-02	2.38546715e-01	1.50329183e-01	8.82175324e-02
290             	3.09325608e-02	2.46817834e-02	2.39076919e-01	1.50471020e-01	8.86058987e-02
291             	3.08217240e-02	2.46893426e-02	2.39614088e-01	1.50628768e-01	8.89853202e-02
292             	3.07254885e-02	2.46952423e-02	2.40133100e-01	1.50792039e-01	8.93410616e-02
293             	3.06482310e-02	2.46983855e-02	2.40617322e-01	1.50956892e-01	8.96604301e-02
294             	3.05797147e-02	2.46987200e-02	2.41090731e-01	1.51125080e-01	8.99656510e-02
295             	3.05150675e-02	2.46974265e-02	2.41576473e-01	1.51303304e-01	9.02731691e-02
296             	3.04532735e-02	2.46973450e-02	2.42045133e-01	1.51475840e-01	9.05692931e-02
297             	3.03932460e-02	2.46981653e-02	2.42514087e-01	1.51650289e-01	9.08637974e-02
298             	3.03291437e-02	2.46999193e-02	2.42995719e-01	1.51827003e-01	9.11687159e-02
299             	3.02701572e-02	2.47025976e-02	2.43456015e-01	1.51998165e-01	9.14578502e-02
300             	3.02051191e-02	2.47057595e-02	2.43916763e-01	1.52163501e-01	9.17532625e-02
301             	3.01351900e-02	2.47091256e-02	2.44381107e-01	1.52325744e-01	9.20553637e-02
302             	3.00565079e-02	2.47126287e-02	2.44848667e-01	1.52480841e-01	9.23678255e-02
303             	2.99744317e-02	2.47155188e-02	2.45314710e-01	1.52631787e-01	9.26829232e-02
304             	2.98854255e-02	2.47184964e-02	2.45778897e-01	1.52774874e-01	9.30040228e-02
305             	2.97918701e-02	2.47217365e-02	2.46241545e-01	1.52912643e-01	9.33289024e-02
306             	2.96912047e-02	2.47258959e-02	2.46702220e-01	1.53042315e-01	9.36599053e-02
307             	2.95846244e-02	2.47308810e-02	2.47162695e-01	1.53165972e-01	9.39967230e-02
308             	2.94704737e-02	2.47360368e-02	2.47618851e-01	1.53279899e-01	9.43389516e-02
309             	2.93498835e-02	2.47417800e-02	2.48075093e-01	1.53387430e-01	9.46876632e-02
310             	2.92186360e-02	2.47483400e-02	2.48532813e-01	1.53485042e-01	9.50477703e-02
311             	2.90812602e-02	2.47552153e-02	2.48990953e-01	1.53576737e-01	9.54142162e-02
312             	2.89324292e-02	2.47619925e-02	2.49457868e-01	1.53661363e-01	9.57965049e-02
313             	2.87835829e-02	2.47699977e-02	2.49910552e-01	1.53738859e-01	9.61716933e-02
314             	2.86306840e-02	2.47783732e-02	2.50359311e-01	1.53810340e-01	9.65489715e-02
315             	2.84688833e-02	2.47861086e-02	2.50818937e-01	1.53878352e-01	9.69405853e-02
316             	2.83052867e-02	2.47942613e-02	2.51270687e-01	1.53940630e-01	9.73300569e-02
317             	2.81434839e-02	2.48023916e-02	2.51713291e-01	1.54000129e-01	9.77131617e-02
318             	2.79798353e-02	2.48107001e-02	2.52147678e-01	1.54053674e-01	9.80940034e-02
319             	2.78131110e-02	2.48195219e-02	2.52581724e-01	1.54103973e-01	9.84777509e-02
320             	2.76406471e-02	2.48284472e-02	2.53014543e-01	1.54147918e-01	9.88666242e-02
321             	2.74655556e-02	2.48373128e-02	2.53447243e-01	1.54189177e-01	9.92580659e-02
322             	2.72854716e-02	2.48469483e-02	2.53881432e-01	1.54226188e-01	9.96552443e-02
323             	2.71127239e-02	2.48561868e-02	2.54297371e-01	1.54261409e-01	1.00035962e-01
324             	2.69250841e-02	2.48647792e-02	2.54732046e-01	1.54291107e-01	1.00440939e-01
325             	2.67412103e-02	2.48733692e-02	2.55152515e-01	1.54317468e-01	1.00835047e-01
326             	2.65539515e-02	2.48815219e-02	2.55571215e-01	1.54339559e-01	1.01231656e-01
327             	2.63572823e-02	2.48894558e-02	2.56006782e-01	1.54360673e-01	1.01646109e-01
328             	2.61654681e-02	2.48973190e-02	2.56428752e-01	1.54379844e-01	1.02048908e-01
329             	2.59757048e-02	2.49045039e-02	2.56840129e-01	1.54395769e-01	1.02444360e-01
330             	2.57908972e-02	2.49118483e-02	2.57230056e-01	1.54405925e-01	1.02824131e-01
331             	2.55994281e-02	2.49193576e-02	2.57626447e-01	1.54412652e-01	1.03213796e-01
332             	2.53917499e-02	2.49277124e-02	2.58045788e-01	1.54414644e-01	1.03631144e-01
333             	2.51845227e-02	2.49356540e-02	2.58460068e-01	1.54414556e-01	1.04045511e-01
334             	2.49788926e-02	2.49433829e-02	2.58862978e-01	1.54410382e-01	1.04452596e-01
335             	2.47750431e-02	2.49511413e-02	2.59258421e-01	1.54404254e-01	1.04854168e-01
336             	2.45706105e-02	2.49592141e-02	2.59647007e-01	1.54394114e-01	1.05252893e-01
337             	2.43670025e-02	2.49669827e-02	2.60029914e-01	1.54381959e-01	1.05647954e-01
338             	2.41598539e-02	2.49751338e-02	2.60410503e-01	1.54365105e-01	1.06045397e-01
339             	2.39484605e-02	2.49832377e-02	2.60793103e-01	1.54345012e-01	1.06448091e-01
340             	2.37349040e-02	2.49916744e-02	2.61172916e-01	1.54321362e-01	1.06851554e-01
341             	2.35172239e-02	2.49995670e-02	2.61553230e-01	1.54293839e-01	1.07259391e-01
342             	2.32965280e-02	2.50081771e-02	2.61932089e-01	1.54262572e-01	1.07669516e-01
343             	2.30777155e-02	2.50163717e-02	2.62305203e-01	1.54230317e-01	1.08074886e-01
344             	2.28599994e-02	2.50249645e-02	2.62672882e-01	1.54196441e-01	1.08476442e-01
345             	2.26466699e-02	2.50333534e-02	2.63034306e-01	1.54163823e-01	1.08870483e-01
346             	2.24355832e-02	2.50424643e-02	2.63391152e-01	1.54131159e-01	1.09259993e-01
347             	2.22266806e-02	2.50523881e-02	2.63747302e-01	1.54100332e-01	1.09646970e-01
348             	2.20194573e-02	2.50622380e-02	2.64098376e-01	1.54068645e-01	1.10029730e-01
349             	2.18173826e-02	2.50718177e-02	2.64444327e-01	1.54039546e-01	1.10404781e-01
350             	2.16192719e-02	2.50825515e-02	2.64788936e-01	1.54013740e-01	1.10775196e-01
351             	2.14281544e-02	2.50927896e-02	2.65129149e-01	1.53992729e-01	1.11136420e-01
352             	2.12454727e-02	2.51024589e-02	2.65459722e-01	1.53975334e-01	1.11484388e-01
353             	2.10683228e-02	2.51108792e-02	2.65784347e-01	1.53960496e-01	1.11823851e-01
354             	2.08953155e-02	2.51192605e-02	2.66103883e-01	1.53947257e-01	1.12156626e-01
355             	2.07295568e-02	2.51271317e-02	2.66417493e-01	1.53938303e-01	1.12479190e-01
356             	2.05710206e-02	2.51349368e-02	2.66722714e-01	1.53932378e-01	1.12790337e-01
357             	2.04176628e-02	2.51417858e-02	2.67021403e-01	1.53928364e-01	1.13093039e-01
358             	2.02663631e-02	2.51495580e-02	2.67318186e-01	1.53925456e-01	1.13392730e-01
359             	2.01211962e-02	2.51569843e-02	2.67609767e-01	1.53926080e-01	1.13683687e-01
360             	1.99795932e-02	2.51647769e-02	2.67897225e-01	1.53928206e-01	1.13969019e-01
361             	1.98434572e-02	2.51724231e-02	2.68180468e-01	1.53933691e-01	1.14246777e-01
362             	1.97104254e-02	2.51804152e-02	2.68458225e-01	1.53939538e-01	1.14518687e-01
363             	1.95792117e-02	2.51886419e-02	2.68734612e-01	1.53946518e-01	1.14788094e-01
364             	1.94495001e-02	2.51968337e-02	2.69005162e-01	1.53952081e-01	1.15053081e-01
365             	1.93219201e-02	2.52048138e-02	2.69273009e-01	1.53958425e-01	1.15314584e-01
366             	1.91952353e-02	2.52123929e-02	2.69536101e-01	1.53963286e-01	1.15572815e-01
367             	1.90681035e-02	2.52194699e-02	2.69801198e-01	1.53968702e-01	1.15832496e-01
368             	1.89440381e-02	2.52255462e-02	2.70056249e-01	1.53972163e-01	1.16084086e-01
369             	1.88157872e-02	2.52314226e-02	2.70322976e-01	1.53977275e-01	1.16345701e-01
370             	1.86842717e-02	2.52379960e-02	2.70590027e-01	1.53979285e-01	1.16610742e-01
371             	1.85533600e-02	2.52446155e-02	2.70851996e-01	1.53979358e-01	1.16872638e-01
372             	1.84214695e-02	2.52519906e-02	2.71107065e-01	1.53975002e-01	1.17132063e-01
373             	1.82892278e-02	2.52596670e-02	2.71357098e-01	1.53967777e-01	1.17389321e-01
374             	1.81541271e-02	2.52679289e-02	2.71603767e-01	1.53956010e-01	1.17647756e-01
375             	1.80191401e-02	2.52756621e-02	2.71848073e-01	1.53943177e-01	1.17904896e-01
376             	1.78812022e-02	2.52837617e-02	2.72094076e-01	1.53928240e-01	1.18165836e-01
377             	1.77426436e-02	2.52913769e-02	2.72341721e-01	1.53913504e-01	1.18428217e-01
378             	1.76034329e-02	2.52985523e-02	2.72587179e-01	1.53897023e-01	1.18690157e-01
379             	1.74630859e-02	2.53052868e-02	2.72832573e-01	1.53879373e-01	1.18953201e-01
380             	1.73194076e-02	2.53122220e-02	2.73074735e-01	1.53856775e-01	1.19217960e-01
381             	1.71765615e-02	2.53190589e-02	2.73307291e-01	1.53830207e-01	1.19477084e-01
382             	1.70225328e-02	2.53276483e-02	2.73549201e-01	1.53797133e-01	1.19752068e-01
383             	1.68651985e-02	2.53364950e-02	2.73788241e-01	1.53759319e-01	1.20028922e-01
384             	1.67053315e-02	2.53455719e-02	2.74021127e-01	1.53715895e-01	1.20305232e-01
385             	1.65464258e-02	2.53543979e-02	2.74246836e-01	1.53669844e-01	1.20576992e-01
386             	1.63777410e-02	2.53641946e-02	2.74483481e-01	1.53619482e-01	1.20864000e-01
387             	1.62075708e-02	2.53734272e-02	2.74719948e-01	1.53567545e-01	1.21152403e-01
388             	1.60378191e-02	2.53823900e-02	2.74949334e-01	1.53512486e-01	1.21436848e-01
389             	1.58633197e-02	2.53908899e-02	2.75182309e-01	1.53454474e-01	1.21727835e-01
390             	1.56812042e-02	2.53997099e-02	2.75419089e-01	1.53390749e-01	1.22028340e-01
391             	1.54954972e-02	2.54080593e-02	2.75655471e-01	1.53323233e-01	1.22332238e-01
392             	1.53071707e-02	2.54164315e-02	2.75886798e-01	1.53250570e-01	1.22636228e-01
393             	1.51167435e-02	2.54251067e-02	2.76117064e-01	1.53175275e-01	1.22941788e-01
394             	1.49229072e-02	2.54345346e-02	2.76345619e-01	1.53095717e-01	1.23249903e-01
395             	1.47293093e-02	2.54435984e-02	2.76571104e-01	1.53014861e-01	1.23556242e-01
396             	1.45306261e-02	2.54537392e-02	2.76800769e-01	1.52931011e-01	1.23869758e-01
397             	1.43319995e-02	2.54632703e-02	2.77030323e-01	1.52847161e-01	1.24183162e-01
398             	1.41294074e-02	2.54726322e-02	2.77259837e-01	1.52759326e-01	1.24500511e-01
399             	1.39246211e-02	2.54815197e-02	2.77492016e-01	1.52670629e-01	1.24821387e-01
400             	1.37187041e-02	2.54901003e-02	2.77722494e-01	1.52579951e-01	1.25142543e-01
401             	1.35148678e-02	2.54978397e-02	2.77950211e-01	1.52489973e-01	1.25460238e-01
402             	1.33027721e-02	2.55064951e-02	2.78185893e-01	1.52395718e-01	1.25790174e-01
403             	1.31021945e-02	2.55139837e-02	2.78406847e-01	1.52305618e-01	1.26101229e-01
404             	1.29015188e-02	2.55214920e-02	2.78623298e-01	1.52213168e-01	1.26410130e-01
405             	1.26995887e-02	2.55293845e-02	2.78843490e-01	1.52121334e-01	1.26722156e-01
406             	1.24926879e-02	2.55381878e-02	2.79067994e-01	1.52026685e-01	1.27041309e-01
407             	1.22857608e-02	2.55467500e-02	2.79294068e-01	1.51932795e-01	1.27361273e-01
408             	1.20792345e-02	2.55553028e-02	2.79518252e-01	1.51838360e-01	1.27679891e-01
409             	1.18758270e-02	2.55630825e-02	2.79739371e-01	1.51745512e-01	1.27993858e-01
410             	1.16734664e-02	2.55707214e-02	2.79957617e-01	1.51652275e-01	1.28305342e-01
411             	1.14722627e-02	2.55780310e-02	2.80175910e-01	1.51560218e-01	1.28615692e-01
412             	1.12726008e-02	2.55850290e-02	2.80389813e-01	1.51467508e-01	1.28922306e-01
413             	1.10734471e-02	2.55916717e-02	2.80602785e-01	1.51374840e-01	1.29227946e-01
414             	1.08751210e-02	2.55985314e-02	2.80813110e-01	1.51281676e-01	1.29531434e-01
415             	1.06754045e-02	2.56056546e-02	2.81025841e-01	1.51188325e-01	1.29837516e-01
416             	1.04776295e-02	2.56126934e-02	2.81234182e-01	1.51094720e-01	1.30139461e-01
417             	1.02837195e-02	2.56190659e-02	2.81437976e-01	1.51002708e-01	1.30435269e-01
418             	1.00886666e-02	2.56261909e-02	2.81642765e-01	1.50910049e-01	1.30732716e-01
419             	9.89689591e-03	2.56329545e-02	2.81844711e-01	1.50819251e-01	1.31025460e-01
420             	9.70732248e-03	2.56398297e-02	2.82042574e-01	1.50728609e-01	1.31313964e-01
421             	9.51989056e-03	2.56465502e-02	2.82239348e-01	1.50639565e-01	1.31599784e-01
422             	9.33308708e-03	2.56537269e-02	2.82434524e-01	1.50550349e-01	1.31884175e-01
423             	9.14455930e-03	2.56608477e-02	2.82632672e-01	1.50460895e-01	1.32171776e-01
424             	8.96590421e-03	2.56671963e-02	2.82816625e-01	1.50374217e-01	1.32442408e-01
425             	8.79036753e-03	2.56730891e-02	2.82997789e-01	1.50289262e-01	1.32708527e-01
426             	8.61586646e-03	2.56790759e-02	2.83175800e-01	1.50203767e-01	1.32972034e-01
427             	8.44113087e-03	2.56853257e-02	2.83356926e-01	1.50119594e-01	1.33237332e-01
428             	8.26287929e-03	2.56921326e-02	2.83541222e-01	1.50033490e-01	1.33507732e-01
429             	8.09152483e-03	2.56981966e-02	2.83718414e-01	1.49950732e-01	1.33767682e-01
430             	7.92421533e-03	2.57044858e-02	2.83889754e-01	1.49869092e-01	1.34020662e-01
431             	7.76245147e-03	2.57100930e-02	2.84054937e-01	1.49789920e-01	1.34265017e-01
432             	7.60716708e-03	2.57153460e-02	2.84210566e-01	1.49712450e-01	1.34498116e-01
433             	7.44429740e-03	2.57213320e-02	2.84376847e-01	1.49632721e-01	1.34744126e-01
434             	7.28170161e-03	2.57275612e-02	2.84540894e-01	1.49552149e-01	1.34988745e-01
435             	7.12272704e-03	2.57334454e-02	2.84701638e-01	1.49473546e-01	1.35228092e-01
436             	6.97018047e-03	2.57392650e-02	2.84853578e-01	1.49396969e-01	1.35456608e-01
437             	6.81490394e-03	2.57453039e-02	2.85009865e-01	1.49319836e-01	1.35690029e-01
438             	6.66309281e-03	2.57512649e-02	2.85160303e-01	1.49243244e-01	1.35917058e-01
439             	6.51678298e-03	2.57566070e-02	2.85305276e-01	1.49169421e-01	1.36135855e-01
440             	6.37005076e-03	2.57626943e-02	2.85450618e-01	1.49095360e-01	1.36355258e-01
441             	6.22653934e-03	2.57683573e-02	2.85593113e-01	1.49023096e-01	1.36570017e-01
442             	6.08366710e-03	2.57741589e-02	2.85733275e-01	1.48950305e-01	1.36782971e-01
443             	5.94229912e-03	2.57796725e-02	2.85873251e-01	1.48878924e-01	1.36994326e-01
444             	5.80146107e-03	2.57852083e-02	2.86011269e-01	1.48807096e-01	1.37204174e-01
445             	5.66404683e-03	2.57900652e-02	2.86146674e-01	1.48737384e-01	1.37409290e-01
446             	5.52706009e-03	2.57952814e-02	2.86281841e-01	1.48667981e-01	1.37613860e-01
447             	5.39243854e-03	2.58003113e-02	2.86416947e-01	1.48600912e-01	1.37816035e-01
448             	5.25989896e-03	2.58052429e-02	2.86548777e-01	1.48534287e-01	1.38014489e-01
449             	5.12993682e-03	2.58097718e-02	2.86680036e-01	1.48469955e-01	1.38210081e-01
450             	5.00099757e-03	2.58144040e-02	2.86809819e-01	1.48405907e-01	1.38403912e-01
451             	4.87458688e-03	2.58186906e-02	2.86939228e-01	1.48344201e-01	1.38595027e-01
452             	4.74853042e-03	2.58233106e-02	2.87068268e-01	1.48282664e-01	1.38785604e-01
453             	4.62433264e-03	2.58277065e-02	2.87197514e-01	1.48223090e-01	1.38974424e-01
454             	4.50188863e-03	2.58320732e-02	2.87323530e-01	1.48163654e-01	1.39159876e-01
455             	4.38237363e-03	2.58360769e-02	2.87447969e-01	1.48106358e-01	1.39341611e-01
456             	4.26425044e-03	2.58401960e-02	2.87569654e-01	1.48049077e-01	1.39520576e-01
457             	4.14750614e-03	2.58443159e-02	2.87692180e-01	1.47993596e-01	1.39698584e-01
458             	4.03292538e-03	2.58483410e-02	2.87810775e-01	1.47938313e-01	1.39872462e-01
459             	3.92061798e-03	2.58523101e-02	2.87929598e-01	1.47885417e-01	1.40044181e-01
460             	3.80859649e-03	2.58566213e-02	2.88047929e-01	1.47832561e-01	1.40215368e-01
461             	3.69901507e-03	2.58605994e-02	2.88165438e-01	1.47781734e-01	1.40383704e-01
462             	3.59007333e-03	2.58646199e-02	2.88281025e-01	1.47730586e-01	1.40550439e-01
463             	3.48342752e-03	2.58680902e-02	2.88394954e-01	1.47680904e-01	1.40714049e-01
464             	3.37748605e-03	2.58715374e-02	2.88505626e-01	1.47630299e-01	1.40875327e-01
465             	3.27180571e-03	2.58752702e-02	2.88618016e-01	1.47580814e-01	1.41037203e-01
466             	3.16734874e-03	2.58790500e-02	2.88726808e-01	1.47530753e-01	1.41196055e-01
467             	3.06561312e-03	2.58823482e-02	2.88833376e-01	1.47482301e-01	1.41351075e-01
468             	2.96451258e-03	2.58857103e-02	2.88937719e-01	1.47433372e-01	1.41504347e-01
469             	2.86438277e-03	2.58889651e-02	2.89042865e-01	1.47385815e-01	1.41657049e-01
470             	2.76586752e-03	2.58921072e-02	2.89143778e-01	1.47337757e-01	1.41806022e-01
471             	2.66903765e-03	2.58951851e-02	2.89244013e-01	1.47291044e-01	1.41952969e-01
472             	2.57347354e-03	2.58984438e-02	2.89340312e-01	1.47243630e-01	1.42096683e-01
473             	2.47733630e-03	2.59020973e-02	2.89438808e-01	1.47196741e-01	1.42242068e-01
474             	2.38475445e-03	2.59056662e-02	2.89530656e-01	1.47150082e-01	1.42380573e-01
475             	2.29152107e-03	2.59090988e-02	2.89624286e-01	1.47103664e-01	1.42520622e-01
476             	2.19660823e-03	2.59127043e-02	2.89717875e-01	1.47055546e-01	1.42662329e-01
477             	2.09860864e-03	2.59165232e-02	2.89817131e-01	1.47007174e-01	1.42809957e-01
478             	2.00544049e-03	2.59202997e-02	2.89909959e-01	1.46960420e-01	1.42949539e-01
479             	1.91499506e-03	2.59235238e-02	2.90000230e-01	1.46915110e-01	1.43085120e-01
480             	1.82517464e-03	2.59265605e-02	2.90086201e-01	1.46868275e-01	1.43217926e-01
481             	1.73420407e-03	2.59296402e-02	2.90174153e-01	1.46821281e-01	1.43352873e-01
482             	1.63958566e-03	2.59330344e-02	2.90263039e-01	1.46771105e-01	1.43491934e-01
483             	1.54791417e-03	2.59359005e-02	2.90348920e-01	1.46722374e-01	1.43626546e-01
484             	1.45885061e-03	2.59388912e-02	2.90430252e-01	1.46673976e-01	1.43756275e-01
485             	1.37278181e-03	2.59417624e-02	2.90509875e-01	1.46627719e-01	1.43882156e-01
486             	1.28660953e-03	2.59452896e-02	2.90588889e-01	1.46581054e-01	1.44007835e-01
487             	1.20033582e-03	2.59491225e-02	2.90669796e-01	1.46535234e-01	1.44134562e-01
488             	1.11431112e-03	2.59531843e-02	2.90748334e-01	1.46488478e-01	1.44259856e-01
489             	1.02953906e-03	2.59571382e-02	2.90826859e-01	1.46442969e-01	1.44383891e-01
490             	9.45113287e-04	2.59612484e-02	2.90903544e-01	1.46396885e-01	1.44506658e-01
491             	8.61624861e-04	2.59650407e-02	2.90981342e-01	1.46352296e-01	1.44629046e-01
492             	7.80143154e-04	2.59682994e-02	2.91055045e-01	1.46307666e-01	1.44747379e-01
493             	6.99538243e-04	2.59713537e-02	2.91130289e-01	1.46264683e-01	1.44865606e-01
494             	6.19672616e-04	2.59746806e-02	2.91203136e-01	1.46221241e-01	1.44981896e-01
495             	5.41665917e-04	2.59778429e-02	2.91273957e-01	1.46178644e-01	1.45095312e-01
496             	4.62720514e-04	2.59817719e-02	2.91345149e-01	1.46135295e-01	1.45209854e-01
497             	3.85561374e-04	2.59852292e-02	2.91416247e-01	1.46093685e-01	1.45322562e-01
498             	3.08369442e-04	2.59883123e-02	2.91486504e-01	1.46051622e-01	1.45434883e-01
499             	2.33329267e-04	2.59902206e-02	2.91555197e-01	1.46010928e-01	1.45544269e-01
500             	1.57030613e-04	2.59924334e-02	2.91624629e-01	1.45969345e-01	1.45655284e-01
501             	8.13908954e-05	2.59947402e-02	2.91694898e-01	1.45928840e-01	1.45766058e-01
502             	7.12938667e-06	2.59973350e-02	2.91761818e-01	1.45888039e-01	1.45873780e-01
503             	-6.62643796e-05	2.60002429e-02	2.91830170e-01	1.45848821e-01	1.45981349e-01
504             	-1.35369140e-04	2.60032059e-02	2.91892744e-01	1.45811003e-01	1.46081741e-01
505             	-2.08810571e-04	2.60065647e-02	2.91962103e-01	1.45772241e-01	1.46189862e-01
506             	-2.81622120e-04	2.60099019e-02	2.92029645e-01	1.45733200e-01	1.46296445e-01
507             	-3.50704428e-04	2.60124863e-02	2.92094046e-01	1.45696319e-01	1.46397728e-01
508             	-4.17866999e-04	2.60156785e-02	2.92157176e-01	1.45660721e-01	1.46496455e-01
509             	-4.87624788e-04	2.60190780e-02	2.92224070e-01	1.45624410e-01	1.46599660e-01
510             	-5.55931606e-04	2.60225090e-02	2.92287629e-01	1.45587883e-01	1.46699746e-01
511             	-6.20680605e-04	2.60252058e-02	2.92349026e-01	1.45553832e-01	1.46795194e-01
512             	-6.86460885e-04	2.60279908e-02	2.92412203e-01	1.45519641e-01	1.46892562e-01
513             	-7.50139331e-04	2.60295963e-02	2.92474079e-01	1.45486900e-01	1.46987179e-01
514             	-8.12424746e-04	2.60306381e-02	2.92532347e-01	1.45453749e-01	1.47078598e-01
515             	-8.75301763e-04	2.60315263e-02	2.92592913e-01	1.45421155e-01	1.47171758e-01
516             	-9.37964370e-04	2.60323689e-02	2.92650196e-01	1.45387134e-01	1.47263062e-01
517             	-9.99138726e-04	2.60329442e-02	2.92705787e-01	1.45353755e-01	1.47352032e-01
518             	-1.06158811e-03	2.60342834e-02	2.92761694e-01	1.45319259e-01	1.47442435e-01
519             	-1.12212892e-03	2.60357520e-02	2.92817185e-01	1.45286463e-01	1.47530721e-01
520             	-1.18025503e-03	2.60376824e-02	2.92869980e-01	1.45254735e-01	1.47615245e-01
521             	-1.23906094e-03	2.60406941e-02	2.92928927e-01	1.45225403e-01	1.47703525e-01
522             	-1.29689118e-03	2.60439667e-02	2.92985756e-01	1.45195987e-01	1.47789769e-01
523             	-1.35245816e-03	2.60466830e-02	2.93039899e-01	1.45167491e-01	1.47872407e-01
524             	-1.40653147e-03	2.60492895e-02	2.93089560e-01	1.45138249e-01	1.47951311e-01
525             	-1.46363899e-03	2.60516113e-02	2.93142299e-01	1.45107511e-01	1.48034789e-01
526             	-1.52048148e-03	2.60538373e-02	2.93192301e-01	1.45075669e-01	1.48116632e-01
527             	-1.57588622e-03	2.60558541e-02	2.93242891e-01	1.45045559e-01	1.48197332e-01
528             	-1.62660756e-03	2.60572421e-02	2.93287222e-01	1.45017003e-01	1.48270218e-01
529             	-1.67837623e-03	2.60579477e-02	2.93332797e-01	1.44988022e-01	1.48344774e-01
530             	-1.73042578e-03	2.60588864e-02	2.93377975e-01	1.44958562e-01	1.48419414e-01
531             	-1.78505194e-03	2.60598699e-02	2.93426083e-01	1.44927989e-01	1.48498093e-01
532             	-1.83738397e-03	2.60607693e-02	2.93468346e-01	1.44896789e-01	1.48571557e-01
533             	-1.88670687e-03	2.60620882e-02	2.93510564e-01	1.44868575e-01	1.48641989e-01
534             	-1.93558548e-03	2.60638968e-02	2.93551102e-01	1.44839965e-01	1.48711136e-01
535             	-1.98582796e-03	2.60661819e-02	2.93595093e-01	1.44811719e-01	1.48783375e-01
536             	-2.03516986e-03	2.60687979e-02	2.93637316e-01	1.44783488e-01	1.48853828e-01
537             	-2.08257135e-03	2.60711644e-02	2.93679608e-01	1.44757233e-01	1.48922375e-01
538             	-2.12758386e-03	2.60731123e-02	2.93716837e-01	1.44730835e-01	1.48986002e-01
539             	-2.17087795e-03	2.60745571e-02	2.93753085e-01	1.44705664e-01	1.49047420e-01
540             	-2.21481062e-03	2.60765736e-02	2.93789177e-01	1.44679778e-01	1.49109399e-01
541             	-2.25710683e-03	2.60784187e-02	2.93825217e-01	1.44655502e-01	1.49169716e-01
542             	-2.30145211e-03	2.60806582e-02	2.93863353e-01	1.44630224e-01	1.49233128e-01
543             	-2.34450282e-03	2.60822046e-02	2.93901139e-01	1.44606067e-01	1.49295072e-01
544             	-2.38656552e-03	2.60832095e-02	2.93935273e-01	1.44581071e-01	1.49354202e-01
545             	-2.42656720e-03	2.60834716e-02	2.93967711e-01	1.44557288e-01	1.49410423e-01
546             	-2.46730119e-03	2.60842053e-02	2.94000476e-01	1.44532937e-01	1.49467539e-01
547             	-2.50641146e-03	2.60849801e-02	2.94033749e-01	1.44510463e-01	1.49523286e-01
548             	-2.54465821e-03	2.60860596e-02	2.94065055e-01	1.44487870e-01	1.49577186e-01
549             	-2.58408391e-03	2.60880481e-02	2.94101315e-01	1.44466574e-01	1.49634742e-01
550             	-2.62299116e-03	2.60904643e-02	2.94134862e-01	1.44444440e-01	1.49690422e-01
551             	-2.66022159e-03	2.60925912e-02	2.94167035e-01	1.44423296e-01	1.49743739e-01
552             	-2.69724382e-03	2.60947312e-02	2.94197657e-01	1.44401585e-01	1.49796072e-01
553             	-2.73410458e-03	2.60965281e-02	2.94231246e-01	1.44381519e-01	1.49849728e-01
554             	-2.77009084e-03	2.60980661e-02	2.94263214e-01	1.44361516e-01	1.49901698e-01
555             	-2.80417950e-03	2.60992175e-02	2.94296112e-01	1.44343877e-01	1.49952236e-01
556             	-2.83931619e-03	2.61003771e-02	2.94329722e-01	1.44325545e-01	1.50004177e-01
557             	-2.87320269e-03	2.61011515e-02	2.94362639e-01	1.44308117e-01	1.50054522e-01
558             	-2.90636700e-03	2.61019922e-02	2.94391124e-01	1.44289195e-01	1.50101929e-01
559             	-2.93912208e-03	2.61031248e-02	2.94419341e-01	1.44270548e-01	1.50148793e-01
560             	-2.97219909e-03	2.61047198e-02	2.94445711e-01	1.44250656e-01	1.50195054e-01
561             	-3.00344445e-03	2.61060050e-02	2.94471403e-01	1.44232257e-01	1.50239146e-01
562             	-3.03498101e-03	2.61075440e-02	2.94497493e-01	1.44213766e-01	1.50283728e-01
563             	-3.06444891e-03	2.61090349e-02	2.94525355e-01	1.44198229e-01	1.50327127e-01
564             	-3.09650662e-03	2.61107935e-02	2.94556223e-01	1.44181605e-01	1.50374618e-01
565             	-3.12768972e-03	2.61123839e-02	2.94588887e-01	1.44166754e-01	1.50422133e-01
566             	-3.15577011e-03	2.61136292e-02	2.94615531e-01	1.44151996e-01	1.50463536e-01
567             	-3.18538652e-03	2.61147777e-02	2.94644067e-01	1.44136647e-01	1.50507420e-01
568             	-3.21513091e-03	2.61161897e-02	2.94670000e-01	1.44119869e-01	1.50550131e-01
569             	-3.24240245e-03	2.61172304e-02	2.94693561e-01	1.44104378e-01	1.50589183e-01
570             	-3.26927658e-03	2.61184358e-02	2.94715828e-01	1.44088637e-01	1.50627191e-01
571             	-3.29419378e-03	2.61197602e-02	2.94739378e-01	1.44075495e-01	1.50663883e-01
572             	-3.32034777e-03	2.61212785e-02	2.94765352e-01	1.44062328e-01	1.50703024e-01
573             	-3.34556517e-03	2.61220132e-02	2.94792255e-01	1.44050562e-01	1.50741693e-01
574             	-3.36833005e-03	2.61217276e-02	2.94813468e-01	1.44038404e-01	1.50775064e-01
575             	-3.39478600e-03	2.61214732e-02	2.94839937e-01	1.44025182e-01	1.50814754e-01
576             	-3.41868981e-03	2.61210032e-02	2.94860351e-01	1.44011486e-01	1.50848866e-01
577             	-3.44363712e-03	2.61208397e-02	2.94882878e-01	1.43997802e-01	1.50885076e-01
578             	-3.46737536e-03	2.61214251e-02	2.94903605e-01	1.43984427e-01	1.50919178e-01
579             	-3.48814196e-03	2.61226498e-02	2.94924702e-01	1.43974209e-01	1.50950493e-01
580             	-3.50889994e-03	2.61244197e-02	2.94945016e-01	1.43963608e-01	1.50981408e-01
581             	-3.53120574e-03	2.61261175e-02	2.94968085e-01	1.43952837e-01	1.51015248e-01
582             	-3.55253532e-03	2.61276044e-02	2.94987987e-01	1.43941458e-01	1.51046529e-01
583             	-3.57371571e-03	2.61287778e-02	2.95008917e-01	1.43930743e-01	1.51078174e-01
584             	-3.59614926e-03	2.61302370e-02	2.95029738e-01	1.43918720e-01	1.51111018e-01
585             	-3.61612418e-03	2.61308610e-02	2.95049750e-01	1.43908751e-01	1.51140999e-01
586             	-3.63323319e-03	2.61306546e-02	2.95064787e-01	1.43899160e-01	1.51165627e-01
587             	-3.65093422e-03	2.61297348e-02	2.95081109e-01	1.43889620e-01	1.51191489e-01
588             	-3.66921674e-03	2.61288651e-02	2.95094388e-01	1.43877977e-01	1.51216411e-01
589             	-3.68941749e-03	2.61286191e-02	2.95109206e-01	1.43865185e-01	1.51244020e-01
590             	-3.70945172e-03	2.61295164e-02	2.95121781e-01	1.43851439e-01	1.51270342e-01
591             	-3.72513928e-03	2.61308896e-02	2.95132067e-01	1.43840894e-01	1.51291173e-01
592             	-3.74124678e-03	2.61330684e-02	2.95142925e-01	1.43830216e-01	1.51312709e-01
593             	-3.75700714e-03	2.61350977e-02	2.95157145e-01	1.43821565e-01	1.51335580e-01
594             	-3.77443973e-03	2.61370177e-02	2.95173683e-01	1.43812402e-01	1.51361281e-01
595             	-3.78997073e-03	2.61380627e-02	2.95190872e-01	1.43805465e-01	1.51385407e-01
596             	-3.80401382e-03	2.61385394e-02	2.95204879e-01	1.43798426e-01	1.51406453e-01
597             	-3.81863682e-03	2.61384974e-02	2.95219395e-01	1.43791061e-01	1.51428334e-01
598             	-3.83591092e-03	2.61384697e-02	2.95232296e-01	1.43780237e-01	1.51452059e-01
599             	-3.84999676e-03	2.61376428e-02	2.95241889e-01	1.43770948e-01	1.51470941e-01
600             	-3.86772286e-03	2.61371711e-02	2.95251986e-01	1.43758270e-01	1.51493716e-01
601             	-3.88295544e-03	2.61365268e-02	2.95262409e-01	1.43748249e-01	1.51514160e-01
602             	-3.89815631e-03	2.61363692e-02	2.95272590e-01	1.43738139e-01	1.51534451e-01
603             	-3.91525969e-03	2.61370037e-02	2.95289613e-01	1.43729547e-01	1.51560066e-01
604             	-3.93205213e-03	2.61384140e-02	2.95307451e-01	1.43721673e-01	1.51585777e-01
605             	-3.94514961e-03	2.61393955e-02	2.95322417e-01	1.43716059e-01	1.51606358e-01
606             	-3.95898034e-03	2.61405588e-02	2.95335259e-01	1.43708649e-01	1.51626610e-01
607             	-3.97489097e-03	2.61416587e-02	2.95349948e-01	1.43700083e-01	1.51649865e-01
608             	-3.99005976e-03	2.61427988e-02	2.95361386e-01	1.43690633e-01	1.51670753e-01
609             	-4.00626436e-03	2.61437553e-02	2.95374866e-01	1.43681169e-01	1.51693697e-01
610             	-4.02043330e-03	2.61447106e-02	2.95386280e-01	1.43672707e-01	1.51713573e-01
611             	-4.03325174e-03	2.61451178e-02	2.95398686e-01	1.43666091e-01	1.51732595e-01
612             	-4.04914513e-03	2.61455020e-02	2.95413887e-01	1.43657798e-01	1.51756089e-01
613             	-4.06284482e-03	2.61453633e-02	2.95428588e-01	1.43651449e-01	1.51777139e-01
614             	-4.07626260e-03	2.61451376e-02	2.95440299e-01	1.43643887e-01	1.51796412e-01
615             	-4.09015670e-03	2.61453667e-02	2.95454126e-01	1.43636906e-01	1.51817220e-01
616             	-4.10447523e-03	2.61463413e-02	2.95467191e-01	1.43629120e-01	1.51838071e-01
617             	-4.11905061e-03	2.61472630e-02	2.95481776e-01	1.43621837e-01	1.51859939e-01
618             	-4.13256741e-03	2.61483200e-02	2.95494378e-01	1.43614622e-01	1.51879757e-01
619             	-4.14481938e-03	2.61487531e-02	2.95506881e-01	1.43608621e-01	1.51898260e-01
620             	-4.15724423e-03	2.61489043e-02	2.95517950e-01	1.43601731e-01	1.51916219e-01
621             	-4.16837584e-03	2.61486219e-02	2.95529578e-01	1.43596413e-01	1.51933165e-01
622             	-4.18151780e-03	2.61489091e-02	2.95543073e-01	1.43590018e-01	1.51953054e-01
623             	-4.19349229e-03	2.61489225e-02	2.95556265e-01	1.43584640e-01	1.51971625e-01
624             	-4.20510715e-03	2.61493549e-02	2.95566313e-01	1.43578049e-01	1.51988264e-01
625             	-4.21462422e-03	2.61500981e-02	2.95574772e-01	1.43572762e-01	1.52002010e-01
626             	-4.22542322e-03	2.61516210e-02	2.95584476e-01	1.43566815e-01	1.52017661e-01
627             	-4.23471537e-03	2.61526942e-02	2.95594307e-01	1.43562438e-01	1.52031869e-01
628             	-4.24447636e-03	2.61532196e-02	2.95603530e-01	1.43557289e-01	1.52046242e-01
629             	-4.25421533e-03	2.61532712e-02	2.95615317e-01	1.43553443e-01	1.52061874e-01
630             	-4.26342964e-03	2.61530566e-02	2.95625261e-01	1.43549201e-01	1.52076060e-01
631             	-4.27120898e-03	2.61525898e-02	2.95635124e-01	1.43546353e-01	1.52088771e-01
632             	-4.27979574e-03	2.61522406e-02	2.95643793e-01	1.43542101e-01	1.52101692e-01
633             	-4.28862154e-03	2.61516150e-02	2.95653601e-01	1.43538179e-01	1.52115422e-01
634             	-4.29717861e-03	2.61506826e-02	2.95660230e-01	1.43532936e-01	1.52127294e-01
635             	-4.30566365e-03	2.61499238e-02	2.95668414e-01	1.43528543e-01	1.52139871e-01
636             	-4.31342432e-03	2.61496904e-02	2.95674043e-01	1.43523597e-01	1.52150446e-01
637             	-4.32075298e-03	2.61500077e-02	2.95681142e-01	1.43519818e-01	1.52161324e-01
638             	-4.32832871e-03	2.61508838e-02	2.95686685e-01	1.43515014e-01	1.52171671e-01
639             	-4.33458554e-03	2.61518239e-02	2.95692081e-01	1.43511455e-01	1.52180626e-01
640             	-4.34013816e-03	2.61530852e-02	2.95695761e-01	1.43507742e-01	1.52188019e-01
641             	-4.34533910e-03	2.61547625e-02	2.95702831e-01	1.43506076e-01	1.52196754e-01
642             	-4.35075863e-03	2.61561398e-02	2.95709567e-01	1.43504025e-01	1.52205542e-01
643             	-4.35522846e-03	2.61562906e-02	2.95715919e-01	1.43502731e-01	1.52213188e-01
644             	-4.35940062e-03	2.61550729e-02	2.95717714e-01	1.43499456e-01	1.52218257e-01
645             	-4.36514931e-03	2.61535684e-02	2.95721764e-01	1.43495733e-01	1.52226032e-01
646             	-4.37132818e-03	2.61521508e-02	2.95722948e-01	1.43490146e-01	1.52232802e-01
647             	-4.37656676e-03	2.61510019e-02	2.95722821e-01	1.43484844e-01	1.52237977e-01
648             	-4.38310336e-03	2.61510507e-02	2.95722306e-01	1.43478049e-01	1.52244256e-01
649             	-4.38958283e-03	2.61518800e-02	2.95724638e-01	1.43472736e-01	1.52251902e-01
650             	-4.39577695e-03	2.61534213e-02	2.95726699e-01	1.43467572e-01	1.52259126e-01
651             	-4.40142564e-03	2.61551302e-02	2.95731974e-01	1.43464561e-01	1.52267413e-01
652             	-4.40707077e-03	2.61566853e-02	2.95736789e-01	1.43461324e-01	1.52275465e-01
653             	-4.41360404e-03	2.61577471e-02	2.95744820e-01	1.43458806e-01	1.52286014e-01
654             	-4.42053301e-03	2.61584878e-02	2.95750106e-01	1.43454520e-01	1.52295586e-01
655             	-4.42639373e-03	2.61589827e-02	2.95754210e-01	1.43450711e-01	1.52303499e-01
656             	-4.43348875e-03	2.61596451e-02	2.95758080e-01	1.43445551e-01	1.52312529e-01
657             	-4.43959872e-03	2.61597072e-02	2.95761686e-01	1.43441244e-01	1.52320442e-01
658             	-4.44672345e-03	2.61596187e-02	2.95765019e-01	1.43435786e-01	1.52329233e-01
659             	-4.45310389e-03	2.61590983e-02	2.95769134e-01	1.43431463e-01	1.52337671e-01
660             	-4.45974060e-03	2.61587143e-02	2.95772144e-01	1.43426331e-01	1.52345813e-01
661             	-4.46610594e-03	2.61586266e-02	2.95776815e-01	1.43422302e-01	1.52354514e-01
662             	-4.47314910e-03	2.61593172e-02	2.95781941e-01	1.43417821e-01	1.52364120e-01
663             	-4.47914611e-03	2.61602880e-02	2.95789165e-01	1.43415436e-01	1.52373729e-01
664             	-4.48459915e-03	2.61611609e-02	2.95794752e-01	1.43412777e-01	1.52381975e-01
665             	-4.49082006e-03	2.61618749e-02	2.95803550e-01	1.43410955e-01	1.52392595e-01
666             	-4.49674565e-03	2.61620981e-02	2.95809549e-01	1.43408029e-01	1.52401520e-01
667             	-4.50314923e-03	2.61619802e-02	2.95817112e-01	1.43405407e-01	1.52411705e-01
668             	-4.50928729e-03	2.61617565e-02	2.95821958e-01	1.43401692e-01	1.52420266e-01
669             	-4.51523926e-03	2.61617160e-02	2.95827960e-01	1.43398741e-01	1.52429219e-01
670             	-4.52211366e-03	2.61622846e-02	2.95833250e-01	1.43394511e-01	1.52438738e-01
671             	-4.52815838e-03	2.61628957e-02	2.95839302e-01	1.43391493e-01	1.52447810e-01
672             	-4.53295394e-03	2.61634358e-02	2.95842147e-01	1.43388120e-01	1.52454027e-01
673             	-4.53915753e-03	2.61642968e-02	2.95850156e-01	1.43385920e-01	1.52464235e-01
674             	-4.54480488e-03	2.61651919e-02	2.95857103e-01	1.43383746e-01	1.52473356e-01
675             	-4.54888017e-03	2.61653889e-02	2.95863863e-01	1.43383051e-01	1.52480812e-01
676             	-4.55482209e-03	2.61658011e-02	2.95871435e-01	1.43380895e-01	1.52490540e-01
677             	-4.55987477e-03	2.61658404e-02	2.95878408e-01	1.43379329e-01	1.52499079e-01
678             	-4.56416879e-03	2.61656604e-02	2.95881339e-01	1.43376501e-01	1.52504838e-01
679             	-4.56916130e-03	2.61655734e-02	2.95886617e-01	1.43374147e-01	1.52512470e-01
680             	-4.57408304e-03	2.61653748e-02	2.95889841e-01	1.43370837e-01	1.52519004e-01
681             	-4.57827950e-03	2.61649352e-02	2.95894325e-01	1.43368883e-01	1.52525442e-01
682             	-4.58329109e-03	2.61648604e-02	2.95898768e-01	1.43366093e-01	1.52532675e-01
683             	-4.58814022e-03	2.61651661e-02	2.95904043e-01	1.43363881e-01	1.52540162e-01
684             	-4.59281236e-03	2.61660397e-02	2.95907994e-01	1.43361185e-01	1.52546809e-01
685             	-4.59604243e-03	2.61668020e-02	2.95912910e-01	1.43360413e-01	1.52552498e-01
686             	-4.60006468e-03	2.61672959e-02	2.95918378e-01	1.43359124e-01	1.52559254e-01
687             	-4.60424859e-03	2.61668504e-02	2.95925960e-01	1.43358731e-01	1.52567229e-01
688             	-4.60835436e-03	2.61654915e-02	2.95930737e-01	1.43357014e-01	1.52573723e-01
689             	-4.61171968e-03	2.61635986e-02	2.95935153e-01	1.43355857e-01	1.52579296e-01
690             	-4.61575329e-03	2.61620720e-02	2.95937563e-01	1.43353028e-01	1.52584535e-01
691             	-4.62007150e-03	2.61613051e-02	2.95941597e-01	1.43350727e-01	1.52590870e-01
692             	-4.62390988e-03	2.61615013e-02	2.95942885e-01	1.43347532e-01	1.52595352e-01
693             	-4.62684794e-03	2.61622855e-02	2.95944798e-01	1.43345551e-01	1.52599247e-01
694             	-4.62935709e-03	2.61634926e-02	2.95944852e-01	1.43343069e-01	1.52601783e-01
695             	-4.63139827e-03	2.61646207e-02	2.95947006e-01	1.43342105e-01	1.52604901e-01
696             	-4.63380099e-03	2.61656144e-02	2.95949088e-01	1.43340743e-01	1.52608345e-01
697             	-4.63510637e-03	2.61659639e-02	2.95952040e-01	1.43340914e-01	1.52611126e-01
698             	-4.63667627e-03	2.61658887e-02	2.95953412e-01	1.43340030e-01	1.52613382e-01
699             	-4.63834990e-03	2.61654205e-02	2.95956144e-01	1.43339722e-01	1.52616422e-01
700             	-4.64041816e-03	2.61648433e-02	2.95956591e-01	1.43337877e-01	1.52618713e-01
701             	-4.64186100e-03	2.61639699e-02	2.95956780e-01	1.43336529e-01	1.52620251e-01
702             	-4.64355559e-03	2.61633139e-02	2.95955037e-01	1.43333963e-01	1.52621074e-01
703             	-4.64549021e-03	2.61628123e-02	2.95955343e-01	1.43332181e-01	1.52623162e-01
704             	-4.64817429e-03	2.61627151e-02	2.95955003e-01	1.43329327e-01	1.52625676e-01
705             	-4.65050380e-03	2.61628461e-02	2.95955809e-01	1.43327401e-01	1.52628408e-01
706             	-4.65244551e-03	2.61632102e-02	2.95953668e-01	1.43324389e-01	1.52629280e-01
707             	-4.65451239e-03	2.61639520e-02	2.95954298e-01	1.43322637e-01	1.52631661e-01
708             	-4.65747449e-03	2.61651168e-02	2.95956187e-01	1.43320619e-01	1.52635568e-01
709             	-4.65930276e-03	2.61655240e-02	2.95959015e-01	1.43320205e-01	1.52638810e-01
710             	-4.66177131e-03	2.61656005e-02	2.95961294e-01	1.43318876e-01	1.52642419e-01
711             	-4.66460121e-03	2.61653463e-02	2.95964520e-01	1.43317659e-01	1.52646861e-01
712             	-4.66693726e-03	2.61651735e-02	2.95965170e-01	1.43315648e-01	1.52649522e-01
713             	-4.66798012e-03	2.61647630e-02	2.95965701e-01	1.43314870e-01	1.52650831e-01
714             	-4.67028186e-03	2.61647426e-02	2.95966233e-01	1.43312835e-01	1.52653398e-01
715             	-4.67165775e-03	2.61643650e-02	2.95966520e-01	1.43311602e-01	1.52654918e-01
716             	-4.67391761e-03	2.61640293e-02	2.95965910e-01	1.43309037e-01	1.52656873e-01
717             	-4.67623750e-03	2.61637451e-02	2.95967461e-01	1.43307493e-01	1.52659968e-01
718             	-4.67844959e-03	2.61635198e-02	2.95967534e-01	1.43305318e-01	1.52662217e-01
719             	-4.67973301e-03	2.61633381e-02	2.95968898e-01	1.43304716e-01	1.52664182e-01
720             	-4.68237660e-03	2.61637481e-02	2.95971233e-01	1.43303240e-01	1.52667993e-01
721             	-4.68449781e-03	2.61642677e-02	2.95974686e-01	1.43302845e-01	1.52671841e-01
722             	-4.68609632e-03	2.61648150e-02	2.95974887e-01	1.43301347e-01	1.52673540e-01
723             	-4.68885145e-03	2.61655259e-02	2.95977880e-01	1.43300089e-01	1.52677792e-01
724             	-4.69143466e-03	2.61659349e-02	2.95978147e-01	1.43297639e-01	1.52680508e-01
725             	-4.69252423e-03	2.61656980e-02	2.95977760e-01	1.43296356e-01	1.52681404e-01
726             	-4.69568716e-03	2.61659535e-02	2.95979103e-01	1.43293864e-01	1.52685239e-01
727             	-4.69796780e-03	2.61659729e-02	2.95981298e-01	1.43292681e-01	1.52688617e-01
728             	-4.69958494e-03	2.61659416e-02	2.95980346e-01	1.43290588e-01	1.52689758e-01
729             	-4.70256915e-03	2.61663500e-02	2.95983234e-01	1.43289048e-01	1.52694186e-01
730             	-4.70525384e-03	2.61670984e-02	2.95984723e-01	1.43287108e-01	1.52697615e-01
731             	-4.70698496e-03	2.61674883e-02	2.95987164e-01	1.43286597e-01	1.52700567e-01
732             	-4.71004325e-03	2.61677569e-02	2.95989773e-01	1.43284843e-01	1.52704930e-01
733             	-4.71212641e-03	2.61673020e-02	2.95991847e-01	1.43283797e-01	1.52708050e-01
734             	-4.71501381e-03	2.61668382e-02	2.95992914e-01	1.43281443e-01	1.52711471e-01
735             	-4.71777632e-03	2.61664620e-02	2.95995338e-01	1.43279893e-01	1.52715445e-01
736             	-4.72076526e-03	2.61663629e-02	2.95995788e-01	1.43277129e-01	1.52718659e-01
737             	-4.72458790e-03	2.61667954e-02	2.95999681e-01	1.43275253e-01	1.52724428e-01
738             	-4.72806242e-03	2.61674309e-02	2.96001767e-01	1.43272821e-01	1.52728946e-01
739             	-4.73020622e-03	2.61680882e-02	2.96003610e-01	1.43271599e-01	1.52732011e-01
740             	-4.73242761e-03	2.61693826e-02	2.96005482e-01	1.43270313e-01	1.52735169e-01
741             	-4.73455683e-03	2.61707083e-02	2.96011257e-01	1.43271072e-01	1.52740185e-01
742             	-4.73607647e-03	2.61715859e-02	2.96015512e-01	1.43271680e-01	1.52743833e-01
743             	-4.73708838e-03	2.61714163e-02	2.96020585e-01	1.43273204e-01	1.52747381e-01
744             	-4.73885072e-03	2.61707413e-02	2.96024037e-01	1.43273168e-01	1.52750869e-01
745             	-4.73996667e-03	2.61695788e-02	2.96026877e-01	1.43273472e-01	1.52753405e-01
746             	-4.74220611e-03	2.61687140e-02	2.96028890e-01	1.43272239e-01	1.52756651e-01
747             	-4.74354736e-03	2.61678558e-02	2.96030725e-01	1.43271815e-01	1.52758910e-01
748             	-4.74488228e-03	2.61676173e-02	2.96031193e-01	1.43270714e-01	1.52760479e-01
749             	-4.74613625e-03	2.61678092e-02	2.96033417e-01	1.43270572e-01	1.52762845e-01
750             	-4.74669998e-03	2.61683137e-02	2.96032852e-01	1.43269726e-01	1.52763126e-01
751             	-4.74726706e-03	2.61690985e-02	2.96033819e-01	1.43269642e-01	1.52764177e-01
752             	-4.74843347e-03	2.61701627e-02	2.96034593e-01	1.43268863e-01	1.52765730e-01
753             	-4.74911605e-03	2.61708748e-02	2.96037242e-01	1.43269505e-01	1.52767737e-01
754             	-4.75021713e-03	2.61711937e-02	2.96039159e-01	1.43269362e-01	1.52769797e-01
755             	-4.75092821e-03	2.61707241e-02	2.96041901e-01	1.43270022e-01	1.52771879e-01
756             	-4.75264420e-03	2.61697618e-02	2.96043865e-01	1.43269288e-01	1.52774577e-01
757             	-4.75470621e-03	2.61685892e-02	2.96047463e-01	1.43269025e-01	1.52778438e-01
758             	-4.75654651e-03	2.61677350e-02	2.96048657e-01	1.43267782e-01	1.52780875e-01
759             	-4.75794365e-03	2.61673448e-02	2.96050916e-01	1.43267514e-01	1.52783402e-01
760             	-4.75922969e-03	2.61674104e-02	2.96050639e-01	1.43266090e-01	1.52784549e-01
761             	-4.76044573e-03	2.61678662e-02	2.96052047e-01	1.43265578e-01	1.52786469e-01
762             	-4.76169318e-03	2.61685939e-02	2.96051385e-01	1.43263999e-01	1.52787386e-01
763             	-4.76266105e-03	2.61693660e-02	2.96052873e-01	1.43263776e-01	1.52789098e-01
764             	-4.76358339e-03	2.61701538e-02	2.96053621e-01	1.43263227e-01	1.52790394e-01
765             	-4.76363138e-03	2.61702719e-02	2.96055204e-01	1.43263971e-01	1.52791234e-01
766             	-4.76467305e-03	2.61702442e-02	2.96056618e-01	1.43263636e-01	1.52792982e-01
767             	-4.76602033e-03	2.61701457e-02	2.96059142e-01	1.43263551e-01	1.52795592e-01
768             	-4.76718502e-03	2.61703439e-02	2.96058387e-01	1.43262009e-01	1.52796379e-01
769             	-4.76743371e-03	2.61703584e-02	2.96058057e-01	1.43261595e-01	1.52796462e-01
770             	-4.76841548e-03	2.61703641e-02	2.96056686e-01	1.43259928e-01	1.52796759e-01
771             	-4.76990405e-03	2.61700135e-02	2.96057672e-01	1.43258932e-01	1.52798740e-01
772             	-4.77117619e-03	2.61694329e-02	2.96056657e-01	1.43257152e-01	1.52799505e-01
773             	-4.77194701e-03	2.61686909e-02	2.96056282e-01	1.43256194e-01	1.52800088e-01
774             	-4.77358155e-03	2.61685610e-02	2.96055094e-01	1.43253966e-01	1.52801129e-01
775             	-4.77544344e-03	2.61690013e-02	2.96057196e-01	1.43253154e-01	1.52804041e-01
776             	-4.77676488e-03	2.61695827e-02	2.96057770e-01	1.43252120e-01	1.52805650e-01
777             	-4.77706477e-03	2.61699253e-02	2.96059581e-01	1.43252726e-01	1.52806855e-01
778             	-4.77809436e-03	2.61701832e-02	2.96060297e-01	1.43252054e-01	1.52808243e-01
779             	-4.77802230e-03	2.61698295e-02	2.96060476e-01	1.43252216e-01	1.52808260e-01
780             	-4.78004053e-03	2.61697292e-02	2.96061532e-01	1.43250726e-01	1.52810807e-01
781             	-4.78102607e-03	2.61693935e-02	2.96062796e-01	1.43250372e-01	1.52812424e-01
782             	-4.78226067e-03	2.61693772e-02	2.96062236e-01	1.43248857e-01	1.52813379e-01
783             	-4.78292951e-03	2.61692085e-02	2.96062241e-01	1.43248191e-01	1.52814050e-01
784             	-4.78502321e-03	2.61695255e-02	2.96062983e-01	1.43246468e-01	1.52816515e-01
785             	-4.78653909e-03	2.61696690e-02	2.96065216e-01	1.43246069e-01	1.52819147e-01
786             	-4.78779790e-03	2.61698637e-02	2.96066213e-01	1.43245309e-01	1.52820905e-01
787             	-4.78885952e-03	2.61700553e-02	2.96069701e-01	1.43245991e-01	1.52823710e-01
788             	-4.79043541e-03	2.61701374e-02	2.96072017e-01	1.43245573e-01	1.52826444e-01
789             	-4.79226219e-03	2.61701136e-02	2.96075910e-01	1.43245693e-01	1.52830217e-01
790             	-4.79377574e-03	2.61701029e-02	2.96076477e-01	1.43244463e-01	1.52832014e-01
791             	-4.79527831e-03	2.61701289e-02	2.96078038e-01	1.43243741e-01	1.52834298e-01
792             	-4.79731201e-03	2.61704075e-02	2.96078406e-01	1.43241891e-01	1.52836515e-01
793             	-4.79817834e-03	2.61703767e-02	2.96078973e-01	1.43241308e-01	1.52837665e-01
794             	-4.79869439e-03	2.61703539e-02	2.96077872e-01	1.43240241e-01	1.52837630e-01
795             	-4.79936513e-03	2.61705050e-02	2.96079052e-01	1.43240161e-01	1.52838891e-01
796             	-4.79962264e-03	2.61710728e-02	2.96076966e-01	1.43238860e-01	1.52838106e-01
797             	-4.79931853e-03	2.61719857e-02	2.96077085e-01	1.43239224e-01	1.52837861e-01
798             	-4.79926031e-03	2.61730125e-02	2.96077177e-01	1.43239328e-01	1.52837849e-01
799             	-4.79868897e-03	2.61730792e-02	2.96078721e-01	1.43240672e-01	1.52838050e-01
800             	-4.79796339e-03	2.61721350e-02	2.96077692e-01	1.43240883e-01	1.52836810e-01
801             	-4.79762537e-03	2.61702228e-02	2.96077796e-01	1.43241273e-01	1.52836523e-01
802             	-4.79841481e-03	2.61684182e-02	2.96077046e-01	1.43240108e-01	1.52836938e-01
803             	-4.79845938e-03	2.61667467e-02	2.96076292e-01	1.43239686e-01	1.52836605e-01
804             	-4.79814002e-03	2.61658645e-02	2.96072817e-01	1.43238268e-01	1.52834549e-01
805             	-4.79820074e-03	2.61659448e-02	2.96072079e-01	1.43237839e-01	1.52834240e-01
806             	-4.79828803e-03	2.61666916e-02	2.96069769e-01	1.43236596e-01	1.52833173e-01
807             	-4.79882438e-03	2.61677609e-02	2.96069931e-01	1.43236141e-01	1.52833790e-01
808             	-4.79857353e-03	2.61686461e-02	2.96068075e-01	1.43235464e-01	1.52832611e-01
809             	-4.79844969e-03	2.61693860e-02	2.96069752e-01	1.43236426e-01	1.52833326e-01
810             	-4.79908987e-03	2.61698957e-02	2.96071296e-01	1.43236558e-01	1.52834738e-01
811             	-4.79862537e-03	2.61697928e-02	2.96073198e-01	1.43237973e-01	1.52835224e-01
812             	-4.79909034e-03	2.61696863e-02	2.96073702e-01	1.43237761e-01	1.52835941e-01
813             	-4.79895978e-03	2.61692280e-02	2.96074200e-01	1.43238140e-01	1.52836060e-01
814             	-4.79915823e-03	2.61687748e-02	2.96072486e-01	1.43237085e-01	1.52835401e-01
815             	-4.79912428e-03	2.61683661e-02	2.96071679e-01	1.43236715e-01	1.52834964e-01
816             	-4.79841431e-03	2.61679997e-02	2.96067946e-01	1.43235559e-01	1.52832387e-01
817             	-4.79735511e-03	2.61677697e-02	2.96064900e-01	1.43235095e-01	1.52829805e-01
818             	-4.79729977e-03	2.61682109e-02	2.96061063e-01	1.43233232e-01	1.52827831e-01
819             	-4.79621462e-03	2.61687257e-02	2.96057564e-01	1.43232567e-01	1.52824997e-01
820             	-4.79577562e-03	2.61698866e-02	2.96054989e-01	1.43231719e-01	1.52823270e-01
821             	-4.79581000e-03	2.61707379e-02	2.96056323e-01	1.43232351e-01	1.52823971e-01
822             	-4.79603414e-03	2.61710822e-02	2.96056863e-01	1.43232397e-01	1.52824466e-01
823             	-4.79596622e-03	2.61706592e-02	2.96058817e-01	1.43233442e-01	1.52825374e-01
824             	-4.79682900e-03	2.61703410e-02	2.96059234e-01	1.43232788e-01	1.52826446e-01
825             	-4.79661288e-03	2.61700837e-02	2.96060444e-01	1.43233609e-01	1.52826835e-01
826             	-4.79681904e-03	2.61703030e-02	2.96060876e-01	1.43233619e-01	1.52827257e-01
827             	-4.79718152e-03	2.61705742e-02	2.96063403e-01	1.43234520e-01	1.52828883e-01
828             	-4.79734600e-03	2.61705308e-02	2.96063260e-01	1.43234284e-01	1.52828976e-01
829             	-4.79712257e-03	2.61701558e-02	2.96064306e-01	1.43235030e-01	1.52829276e-01
830             	-4.79656454e-03	2.61696850e-02	2.96063347e-01	1.43235109e-01	1.52828238e-01
831             	-4.79738374e-03	2.61695469e-02	2.96066887e-01	1.43236060e-01	1.52830827e-01
832             	-4.79811542e-03	2.61696178e-02	2.96069004e-01	1.43236386e-01	1.52832617e-01
833             	-4.79814856e-03	2.61695770e-02	2.96071817e-01	1.43237760e-01	1.52834057e-01
834             	-4.79908279e-03	2.61699818e-02	2.96073906e-01	1.43237870e-01	1.52836036e-01
835             	-4.79974574e-03	2.61703580e-02	2.96076518e-01	1.43238513e-01	1.52838005e-01
836             	-4.80206498e-03	2.61709725e-02	2.96078721e-01	1.43237295e-01	1.52841425e-01
837             	-4.80400924e-03	2.61712171e-02	2.96081577e-01	1.43236779e-01	1.52844797e-01
838             	-4.80581072e-03	2.61712310e-02	2.96082094e-01	1.43235236e-01	1.52846858e-01
839             	-4.80887130e-03	2.61714378e-02	2.96086503e-01	1.43234380e-01	1.52852123e-01
840             	-4.81144579e-03	2.61716291e-02	2.96088417e-01	1.43232763e-01	1.52855654e-01
841             	-4.81324554e-03	2.61717359e-02	2.96090966e-01	1.43232238e-01	1.52858729e-01
842             	-4.81512145e-03	2.61720453e-02	2.96092548e-01	1.43231153e-01	1.52861396e-01
843             	-4.81740405e-03	2.61727132e-02	2.96097889e-01	1.43231540e-01	1.52866348e-01
844             	-4.81887874e-03	2.61730307e-02	2.96100344e-01	1.43231293e-01	1.52869051e-01
845             	-4.82010111e-03	2.61728520e-02	2.96103851e-01	1.43231825e-01	1.52872027e-01
846             	-4.82226257e-03	2.61725661e-02	2.96106105e-01	1.43230790e-01	1.52875315e-01
847             	-4.82357707e-03	2.61719344e-02	2.96107920e-01	1.43230383e-01	1.52877537e-01
848             	-4.82489816e-03	2.61716017e-02	2.96107546e-01	1.43228875e-01	1.52878671e-01
849             	-4.82550428e-03	2.61715080e-02	2.96107934e-01	1.43228463e-01	1.52879471e-01
850             	-4.82639337e-03	2.61717424e-02	2.96106870e-01	1.43227041e-01	1.52879828e-01
851             	-4.82630555e-03	2.61719200e-02	2.96106364e-01	1.43226877e-01	1.52879488e-01
852             	-4.82780986e-03	2.61726431e-02	2.96105357e-01	1.43224869e-01	1.52880488e-01
853             	-4.82816180e-03	2.61735940e-02	2.96105944e-01	1.43224810e-01	1.52881134e-01
854             	-4.82829833e-03	2.61745138e-02	2.96105855e-01	1.43224629e-01	1.52881226e-01
855             	-4.82786306e-03	2.61746630e-02	2.96107113e-01	1.43225693e-01	1.52881420e-01
856             	-4.82821904e-03	2.61743057e-02	2.96107213e-01	1.43225387e-01	1.52881825e-01
857             	-4.82793609e-03	2.61732116e-02	2.96107393e-01	1.43225761e-01	1.52881633e-01
858             	-4.82975796e-03	2.61723205e-02	2.96108243e-01	1.43224364e-01	1.52883880e-01
859             	-4.83109295e-03	2.61712572e-02	2.96109436e-01	1.43223625e-01	1.52885811e-01
860             	-4.83227064e-03	2.61704600e-02	2.96108039e-01	1.43221749e-01	1.52886290e-01
861             	-4.83329168e-03	2.61702395e-02	2.96108639e-01	1.43221028e-01	1.52887611e-01
862             	-4.83318162e-03	2.61705192e-02	2.96106309e-01	1.43219973e-01	1.52886336e-01
863             	-4.83315268e-03	2.61713329e-02	2.96106358e-01	1.43220026e-01	1.52886332e-01
864             	-4.83313176e-03	2.61724061e-02	2.96104850e-01	1.43219293e-01	1.52885557e-01
865             	-4.83215677e-03	2.61733175e-02	2.96104725e-01	1.43220206e-01	1.52884519e-01
866             	-4.83144831e-03	2.61737580e-02	2.96103833e-01	1.43220468e-01	1.52883365e-01
867             	-4.83072692e-03	2.61735840e-02	2.96104963e-01	1.43221754e-01	1.52883208e-01
868             	-4.82988760e-03	2.61726716e-02	2.96103634e-01	1.43221929e-01	1.52881705e-01
869             	-4.82912371e-03	2.61714094e-02	2.96103776e-01	1.43222764e-01	1.52881012e-01
870             	-4.82814065e-03	2.61701087e-02	2.96101225e-01	1.43222472e-01	1.52878753e-01
871             	-4.82719284e-03	2.61693216e-02	2.96100311e-01	1.43222963e-01	1.52877348e-01
872             	-4.82688111e-03	2.61692995e-02	2.96098285e-01	1.43222262e-01	1.52876024e-01
873             	-4.82572892e-03	2.61693234e-02	2.96096322e-01	1.43222432e-01	1.52873890e-01
874             	-4.82522781e-03	2.61699131e-02	2.96093621e-01	1.43221582e-01	1.52872038e-01
875             	-4.82346213e-03	2.61703603e-02	2.96090600e-01	1.43221838e-01	1.52868762e-01
876             	-4.82247905e-03	2.61711958e-02	2.96088212e-01	1.43221627e-01	1.52866585e-01
877             	-4.82177685e-03	2.61718198e-02	2.96089094e-01	1.43222770e-01	1.52866324e-01
878             	-4.82113047e-03	2.61719639e-02	2.96088428e-01	1.43223084e-01	1.52865345e-01
879             	-4.82063153e-03	2.61717144e-02	2.96089735e-01	1.43224236e-01	1.52865499e-01
880             	-4.81987400e-03	2.61712489e-02	2.96087598e-01	1.43223925e-01	1.52863673e-01
881             	-4.81929871e-03	2.61710930e-02	2.96086760e-01	1.43224081e-01	1.52862679e-01
882             	-4.81889166e-03	2.61711589e-02	2.96084550e-01	1.43223383e-01	1.52861167e-01
883             	-4.81734739e-03	2.61708726e-02	2.96082336e-01	1.43223820e-01	1.52858515e-01
884             	-4.81717338e-03	2.61705975e-02	2.96080555e-01	1.43223104e-01	1.52857451e-01
885             	-4.81623615e-03	2.61698023e-02	2.96079022e-01	1.43223275e-01	1.52855747e-01
886             	-4.81680029e-03	2.61692480e-02	2.96077681e-01	1.43222040e-01	1.52855641e-01
887             	-4.81673327e-03	2.61687475e-02	2.96077619e-01	1.43222076e-01	1.52855543e-01
888             	-4.81719008e-03	2.61685665e-02	2.96077275e-01	1.43221448e-01	1.52855828e-01
889             	-4.81772819e-03	2.61683907e-02	2.96079697e-01	1.43222120e-01	1.52857577e-01
890             	-4.81791174e-03	2.61681520e-02	2.96080036e-01	1.43222106e-01	1.52857930e-01
891             	-4.81836343e-03	2.61677688e-02	2.96082247e-01	1.43222760e-01	1.52859487e-01
892             	-4.81958422e-03	2.61676557e-02	2.96083523e-01	1.43222177e-01	1.52861346e-01
893             	-4.82008014e-03	2.61675041e-02	2.96085326e-01	1.43222583e-01	1.52862743e-01
894             	-4.82096419e-03	2.61677565e-02	2.96085736e-01	1.43221904e-01	1.52863832e-01
895             	-4.82140223e-03	2.61681206e-02	2.96087137e-01	1.43222166e-01	1.52864971e-01
896             	-4.82182797e-03	2.61686094e-02	2.96086656e-01	1.43221500e-01	1.52865156e-01
897             	-4.82151508e-03	2.61688561e-02	2.96086997e-01	1.43221984e-01	1.52865014e-01
898             	-4.82200223e-03	2.61691923e-02	2.96087206e-01	1.43221601e-01	1.52865605e-01
899             	-4.82260942e-03	2.61695326e-02	2.96090059e-01	1.43222420e-01	1.52867639e-01
900             	-4.82283643e-03	2.61696519e-02	2.96090496e-01	1.43222412e-01	1.52868085e-01
901             	-4.82300080e-03	2.61696160e-02	2.96092192e-01	1.43223095e-01	1.52869097e-01
902             	-4.82301067e-03	2.61695360e-02	2.96091210e-01	1.43222594e-01	1.52868615e-01
903             	-4.82341776e-03	2.61695963e-02	2.96091809e-01	1.43222487e-01	1.52869322e-01
904             	-4.82403294e-03	2.61697629e-02	2.96090250e-01	1.43221092e-01	1.52869158e-01
905             	-4.82439219e-03	2.61699170e-02	2.96089985e-01	1.43220601e-01	1.52869385e-01
906             	-4.82535768e-03	2.61702666e-02	2.96089388e-01	1.43219336e-01	1.52870052e-01
907             	-4.82532200e-03	2.61703890e-02	2.96089899e-01	1.43219627e-01	1.52870271e-01
908             	-4.82633938e-03	2.61709605e-02	2.96090564e-01	1.43218942e-01	1.52871621e-01
909             	-4.82720109e-03	2.61718295e-02	2.96092820e-01	1.43219209e-01	1.52873611e-01
910             	-4.82784751e-03	2.61731292e-02	2.96094929e-01	1.43219617e-01	1.52875312e-01
911             	-4.82760014e-03	2.61737613e-02	2.96098448e-01	1.43221624e-01	1.52876824e-01
912             	-4.82867462e-03	2.61738568e-02	2.96102271e-01	1.43222461e-01	1.52879810e-01
913             	-4.82911921e-03	2.61728321e-02	2.96106264e-01	1.43224013e-01	1.52882251e-01
914             	-4.82955571e-03	2.61712723e-02	2.96107650e-01	1.43224269e-01	1.52883381e-01
915             	-4.83027040e-03	2.61698273e-02	2.96110623e-01	1.43225041e-01	1.52885582e-01
916             	-4.83083831e-03	2.61689938e-02	2.96111005e-01	1.43224664e-01	1.52886341e-01
917             	-4.83096325e-03	2.61688597e-02	2.96111922e-01	1.43224998e-01	1.52886924e-01
918             	-4.83135077e-03	2.61696259e-02	2.96111226e-01	1.43224262e-01	1.52886964e-01
919             	-4.83054289e-03	2.61707920e-02	2.96110687e-01	1.43224800e-01	1.52885886e-01
920             	-4.82958084e-03	2.61721151e-02	2.96108233e-01	1.43224536e-01	1.52883697e-01
921             	-4.82909611e-03	2.61733942e-02	2.96108771e-01	1.43225289e-01	1.52883482e-01
922             	-4.82899572e-03	2.61741974e-02	2.96108164e-01	1.43225086e-01	1.52883077e-01
923             	-4.82859462e-03	2.61742775e-02	2.96108840e-01	1.43225825e-01	1.52883015e-01
924             	-4.82939024e-03	2.61742993e-02	2.96109308e-01	1.43225264e-01	1.52884044e-01
925             	-4.83012322e-03	2.61740246e-02	2.96111021e-01	1.43225387e-01	1.52885634e-01
926             	-4.83096932e-03	2.61736468e-02	2.96110659e-01	1.43224360e-01	1.52886299e-01
927             	-4.83141368e-03	2.61730694e-02	2.96111078e-01	1.43224125e-01	1.52886953e-01
928             	-4.83198791e-03	2.61727589e-02	2.96109811e-01	1.43222917e-01	1.52886893e-01
929             	-4.83186142e-03	2.61725024e-02	2.96109297e-01	1.43222787e-01	1.52886510e-01
930             	-4.83239782e-03	2.61726786e-02	2.96107562e-01	1.43221383e-01	1.52886179e-01
931             	-4.83251915e-03	2.61730559e-02	2.96106414e-01	1.43220688e-01	1.52885726e-01
932             	-4.83250859e-03	2.61736886e-02	2.96103562e-01	1.43219273e-01	1.52884290e-01
933             	-4.83142930e-03	2.61740885e-02	2.96101432e-01	1.43219287e-01	1.52882145e-01
934             	-4.83175341e-03	2.61743858e-02	2.96100700e-01	1.43218597e-01	1.52882103e-01
935             	-4.83175170e-03	2.61739731e-02	2.96101576e-01	1.43219036e-01	1.52882540e-01
936             	-4.83196058e-03	2.61730765e-02	2.96100703e-01	1.43218391e-01	1.52882312e-01
937             	-4.83238253e-03	2.61722446e-02	2.96100455e-01	1.43217845e-01	1.52882610e-01
938             	-4.83371200e-03	2.61722618e-02	2.96100145e-01	1.43216361e-01	1.52883785e-01
939             	-4.83428451e-03	2.61724863e-02	2.96100637e-01	1.43216034e-01	1.52884603e-01
940             	-4.83532995e-03	2.61727603e-02	2.96100100e-01	1.43214720e-01	1.52885380e-01
941             	-4.83600826e-03	2.61726944e-02	2.96100865e-01	1.43214424e-01	1.52886441e-01
942             	-4.83667259e-03	2.61723460e-02	2.96099957e-01	1.43213306e-01	1.52886651e-01
943             	-4.83828425e-03	2.61721069e-02	2.96103135e-01	1.43213283e-01	1.52889852e-01
944             	-4.83932734e-03	2.61718323e-02	2.96104213e-01	1.43212779e-01	1.52891434e-01
945             	-4.83940023e-03	2.61713067e-02	2.96105540e-01	1.43213370e-01	1.52892170e-01
946             	-4.84017470e-03	2.61713047e-02	2.96106217e-01	1.43212934e-01	1.52893283e-01
947             	-4.84060509e-03	2.61715730e-02	2.96108094e-01	1.43213442e-01	1.52894652e-01
948             	-4.84103752e-03	2.61719945e-02	2.96107723e-01	1.43212824e-01	1.52894899e-01
949             	-4.84024153e-03	2.61720433e-02	2.96106727e-01	1.43213122e-01	1.52893605e-01
950             	-4.84045227e-03	2.61721631e-02	2.96104894e-01	1.43211995e-01	1.52892899e-01
951             	-4.84006753e-03	2.61720397e-02	2.96104333e-01	1.43212099e-01	1.52892234e-01
952             	-4.83978530e-03	2.61720066e-02	2.96102442e-01	1.43211436e-01	1.52891006e-01
953             	-4.83950656e-03	2.61720424e-02	2.96102213e-01	1.43211600e-01	1.52890613e-01
954             	-4.83894688e-03	2.61722529e-02	2.96100233e-01	1.43211169e-01	1.52889063e-01
955             	-4.83824607e-03	2.61724245e-02	2.96100937e-01	1.43212222e-01	1.52888715e-01
956             	-4.83765583e-03	2.61724299e-02	2.96100795e-01	1.43212742e-01	1.52888054e-01
957             	-4.83678382e-03	2.61720276e-02	2.96102443e-01	1.43214438e-01	1.52888005e-01
958             	-4.83670465e-03	2.61712416e-02	2.96102805e-01	1.43214698e-01	1.52888107e-01
959             	-4.83581569e-03	2.61701546e-02	2.96103010e-01	1.43215689e-01	1.52887321e-01
960             	-4.83546190e-03	2.61693819e-02	2.96101440e-01	1.43215258e-01	1.52886182e-01
961             	-4.83569375e-03	2.61692902e-02	2.96102393e-01	1.43215503e-01	1.52886890e-01
962             	-4.83584759e-03	2.61695487e-02	2.96101313e-01	1.43214809e-01	1.52886504e-01
963             	-4.83480650e-03	2.61695858e-02	2.96099976e-01	1.43215182e-01	1.52884795e-01
964             	-4.83539615e-03	2.61701842e-02	2.96100295e-01	1.43214751e-01	1.52885544e-01
965             	-4.83492150e-03	2.61706522e-02	2.96100910e-01	1.43215533e-01	1.52885376e-01
966             	-4.83378388e-03	2.61715371e-02	2.96100356e-01	1.43216394e-01	1.52883962e-01
967             	-4.83205501e-03	2.61720327e-02	2.96101701e-01	1.43218795e-01	1.52882906e-01
968             	-4.83095455e-03	2.61721763e-02	2.96102065e-01	1.43220078e-01	1.52881987e-01
969             	-4.82887790e-03	2.61714389e-02	2.96101810e-01	1.43222027e-01	1.52879783e-01
970             	-4.82802914e-03	2.61704913e-02	2.96099896e-01	1.43221919e-01	1.52877977e-01
971             	-4.82638881e-03	2.61690482e-02	2.96097512e-01	1.43222367e-01	1.52875145e-01
972             	-4.82595261e-03	2.61679001e-02	2.96094625e-01	1.43221360e-01	1.52873265e-01
973             	-4.82565314e-03	2.61669963e-02	2.96093687e-01	1.43221191e-01	1.52872497e-01
974             	-4.82525098e-03	2.61666977e-02	2.96091319e-01	1.43220408e-01	1.52870910e-01
975             	-4.82401176e-03	2.61668636e-02	2.96089709e-01	1.43220843e-01	1.52868866e-01
976             	-4.82381187e-03	2.61678831e-02	2.96088463e-01	1.43220419e-01	1.52868043e-01
977             	-4.82257207e-03	2.61690193e-02	2.96088140e-01	1.43221498e-01	1.52866642e-01
978             	-4.82245517e-03	2.61700768e-02	2.96088567e-01	1.43221828e-01	1.52866739e-01
979             	-4.82198451e-03	2.61703048e-02	2.96090508e-01	1.43223269e-01	1.52867238e-01
980             	-4.82225707e-03	2.61700513e-02	2.96091311e-01	1.43223398e-01	1.52867912e-01
981             	-4.82241998e-03	2.61691509e-02	2.96092924e-01	1.43224042e-01	1.52868882e-01
982             	-4.82278323e-03	2.61681480e-02	2.96092375e-01	1.43223404e-01	1.52868971e-01
983             	-4.82216341e-03	2.61671287e-02	2.96091507e-01	1.43223590e-01	1.52867917e-01
984             	-4.82329126e-03	2.61671362e-02	2.96090935e-01	1.43222176e-01	1.52868759e-01
985             	-4.82381609e-03	2.61674464e-02	2.96090835e-01	1.43221601e-01	1.52869234e-01
986             	-4.82418009e-03	2.61680388e-02	2.96088512e-01	1.43220076e-01	1.52868436e-01
987             	-4.82441412e-03	2.61687423e-02	2.96088004e-01	1.43219588e-01	1.52868416e-01
988             	-4.82552518e-03	2.61697727e-02	2.96087574e-01	1.43218262e-01	1.52869312e-01
989             	-4.82587678e-03	2.61706337e-02	2.96088576e-01	1.43218411e-01	1.52870165e-01
990             	-4.82685151e-03	2.61713089e-02	2.96089201e-01	1.43217749e-01	1.52871452e-01
991             	-4.82738001e-03	2.61714635e-02	2.96091269e-01	1.43218255e-01	1.52873015e-01
992             	-4.82878318e-03	2.61715694e-02	2.96093204e-01	1.43217819e-01	1.52875385e-01
993             	-4.83111894e-03	2.61716453e-02	2.96097797e-01	1.43217780e-01	1.52880018e-01
994             	-4.83268842e-03	2.61719497e-02	2.96098813e-01	1.43216718e-01	1.52882095e-01
995             	-4.83303273e-03	2.61721802e-02	2.96100323e-01	1.43217129e-01	1.52883194e-01
996             	-4.83436395e-03	2.61726488e-02	2.96101816e-01	1.43216544e-01	1.52885272e-01
997             	-4.83512625e-03	2.61727400e-02	2.96104038e-01	1.43216893e-01	1.52887145e-01
998             	-4.83547775e-03	2.61726301e-02	2.96103471e-01	1.43216258e-01	1.52887213e-01
999             	-4.83604396e-03	2.61724745e-02	2.96105322e-01	1.43216617e-01	1.52888705e-01
1000            	-4.83636355e-03	2.61724610e-02	2.96105717e-01	1.43216495e-01	1.52889222e-01
