# Selection     : patch(aircraftGroup)
# Faces         : 56879
# Area          : 1.00955979e+01
# Time          	areaAverage(yPlus)
0               	1.74685286e+01
25              	2.08214124e+01
50              	2.57272996e+01
75              	2.91178735e+01
100             	3.14712062e+01
125             	3.35479792e+01
150             	3.55801705e+01
175             	3.73214051e+01
200             	3.89393125e+01
225             	4.02292604e+01
250             	4.11106444e+01
275             	4.17732307e+01
300             	4.22793801e+01
325             	4.26450103e+01
350             	4.28892862e+01
375             	4.30443865e+01
400             	4.31403073e+01
425             	4.32018432e+01
450             	4.32382703e+01
475             	4.32619471e+01
500             	4.32752035e+01
525             	4.32844888e+01
550             	4.32888254e+01
575             	4.32927252e+01
600             	4.32942062e+01
625             	4.32958972e+01
650             	4.32965762e+01
675             	4.32970183e+01
700             	4.32976061e+01
725             	4.32972433e+01
750             	4.32977771e+01
775             	4.32972562e+01
800             	4.32977626e+01
825             	4.32977335e+01
850             	4.32975508e+01
875             	4.32979594e+01
900             	4.32974550e+01
925             	4.32983290e+01
950             	4.32973657e+01
975             	4.32982244e+01
1000            	4.32977637e+01
