# Selection     : patch(aircraftGroup)
# Faces         : 88869
# Area          : 1.01287655e+01
# Time          	max(yPlus)
0               	5.16229563e+01
25              	7.37994520e+01
50              	1.01007892e+02
75              	1.09508050e+02
100             	1.14583388e+02
125             	1.17439362e+02
150             	1.19079366e+02
175             	1.19961102e+02
200             	1.20478250e+02
225             	1.20754127e+02
250             	1.20906553e+02
275             	1.20999120e+02
300             	1.21056311e+02
325             	1.21094717e+02
350             	1.21119820e+02
375             	1.21136415e+02
400             	1.21147794e+02
425             	1.21155860e+02
450             	1.21161843e+02
475             	1.21166220e+02
500             	1.21169470e+02
525             	1.21171855e+02
550             	1.21173573e+02
575             	1.21174774e+02
600             	1.21175596e+02
625             	1.21176141e+02
650             	1.21176507e+02
675             	1.21176743e+02
700             	1.21176888e+02
725             	1.21176992e+02
750             	1.21177055e+02
775             	1.21177099e+02
800             	1.21177134e+02
825             	1.21177144e+02
850             	1.21177149e+02
875             	1.21177170e+02
900             	1.21177168e+02
925             	1.21177175e+02
950             	1.21177189e+02
975             	1.21177175e+02
1000            	1.21177172e+02
