# Selection     : patch(aircraftGroup)
# Faces         : 88869
# Area          : 1.01287655e+01
# Time          	areaAverage(yPlus)
0               	1.51295994e+01
25              	1.66763494e+01
50              	2.02367687e+01
75              	2.29384523e+01
100             	2.48357841e+01
125             	2.64553209e+01
150             	2.82072392e+01
175             	2.97670837e+01
200             	3.11740464e+01
225             	3.23156913e+01
250             	3.33529617e+01
275             	3.41915354e+01
300             	3.48397588e+01
325             	3.53587239e+01
350             	3.57705265e+01
375             	3.61042982e+01
400             	3.63615474e+01
425             	3.65449496e+01
450             	3.66817104e+01
475             	3.67873287e+01
500             	3.68615971e+01
525             	3.69110917e+01
550             	3.69433891e+01
575             	3.69642300e+01
600             	3.69769185e+01
625             	3.69856079e+01
650             	3.69912904e+01
675             	3.69946901e+01
700             	3.69967364e+01
725             	3.69984418e+01
750             	3.69994119e+01
775             	3.69998257e+01
800             	3.70001914e+01
825             	3.70012011e+01
850             	3.70007683e+01
875             	3.70009757e+01
900             	3.70017179e+01
925             	3.70011616e+01
950             	3.70008891e+01
975             	3.70014389e+01
1000            	3.70012338e+01
