# Selection     : patch(aircraftGroup)
# Faces         : 39112
# Area          : 1.00651179e+01
# Time          	areaAverage(yPlus)
0               	1.99301506e+01
25              	2.58335976e+01
50              	3.19163708e+01
75              	3.55694100e+01
100             	3.82560532e+01
125             	4.08441689e+01
150             	4.31625144e+01
175             	4.51704931e+01
200             	4.66567471e+01
225             	4.76891047e+01
250             	4.83966392e+01
275             	4.88367195e+01
300             	4.90987982e+01
325             	4.92599368e+01
350             	4.93543130e+01
375             	4.94097273e+01
400             	4.94326937e+01
425             	4.94475173e+01
450             	4.94555612e+01
475             	4.94619624e+01
500             	4.94622182e+01
525             	4.94587382e+01
550             	4.94629464e+01
575             	4.94642703e+01
600             	4.94656011e+01
625             	4.94587127e+01
650             	4.94631794e+01
675             	4.94632780e+01
700             	4.94666810e+01
725             	4.94615909e+01
750             	4.94623739e+01
775             	4.94632127e+01
800             	4.94661703e+01
825             	4.94644040e+01
850             	4.94602941e+01
875             	4.94636096e+01
900             	4.94647297e+01
925             	4.94656434e+01
950             	4.94590549e+01
975             	4.94632883e+01
1000            	4.94635936e+01
