# Force coefficients
# liftDir       : (-6.97564740e-02 0.00000000e+00 9.97564050e-01)
# dragDir       : (9.97564050e-01 0.00000000e+00 6.97564740e-02)
# pitchAxis     : (0.00000000e+00 1.00000000e+00 0.00000000e+00)
# magUInf       : 2.50000000e+01
# lRef          : 6.41500000e-01
# Aref          : 2.60400000e+00
# CofR          : (1.07000000e+00 0.00000000e+00 0.00000000e+00)
# Time          	Cm              	Cd              	Cl              	Cl(f)           	Cl(r)           
0               	2.07579603e-05	3.88192340e-04	-2.25846228e-05	9.46564885e-06	-3.20502717e-05
1               	5.18976905e-04	5.23463395e-03	-5.34783799e-04	2.51585005e-04	-7.86368804e-04
2               	1.47342644e-03	1.28101406e-02	-2.01555108e-03	4.65650895e-04	-2.48120197e-03
3               	2.40372902e-03	2.00758824e-02	-3.43369343e-03	6.86882302e-04	-4.12057573e-03
4               	2.96000086e-03	2.42197767e-02	-4.32875115e-03	7.95625284e-04	-5.12437644e-03
5               	3.10482286e-03	2.47492079e-02	-4.42687396e-03	8.91385882e-04	-5.31825985e-03
6               	3.02314357e-03	2.29817838e-02	-4.13082070e-03	9.57733217e-04	-5.08855392e-03
7               	2.87538843e-03	2.08977147e-02	-3.89090874e-03	9.29934058e-04	-4.82084279e-03
8               	2.84765291e-03	2.04070767e-02	-3.99758687e-03	8.48859471e-04	-4.84644634e-03
9               	2.89350540e-03	2.19224916e-02	-4.28080713e-03	7.53101836e-04	-5.03390896e-03
10              	3.15465900e-03	2.54069597e-02	-4.76270941e-03	7.73304297e-04	-5.53601371e-03
11              	3.64756739e-03	2.95998729e-02	-5.34516250e-03	9.74986141e-04	-6.32014864e-03
12              	4.31374119e-03	3.32910739e-02	-5.88866707e-03	1.36940766e-03	-7.25807473e-03
13              	4.88326389e-03	3.54149926e-02	-6.03786175e-03	1.86433301e-03	-7.90219476e-03
14              	5.35774488e-03	3.62039219e-02	-5.89804012e-03	2.40872482e-03	-8.30676494e-03
15              	5.67777831e-03	3.61747672e-02	-5.39299858e-03	2.98127902e-03	-8.37427760e-03
16              	5.83604549e-03	3.59450350e-02	-4.67696555e-03	3.49756272e-03	-8.17452827e-03
17              	5.91046858e-03	3.61637149e-02	-3.89379616e-03	3.96357050e-03	-7.85736666e-03
18              	6.01590076e-03	3.71400567e-02	-3.03529219e-03	4.49825467e-03	-7.53354686e-03
19              	6.20207684e-03	3.86892989e-02	-1.98983591e-03	5.20715888e-03	-7.19699479e-03
20              	6.50114422e-03	4.05026567e-02	-6.14314617e-04	6.19398691e-03	-6.80830153e-03
21              	6.92615812e-03	4.20802409e-02	9.14175992e-04	7.38324612e-03	-6.46907012e-03
22              	7.40687094e-03	4.31767636e-02	2.50841473e-03	8.66107830e-03	-6.15266357e-03
23              	7.86775013e-03	4.38286468e-02	4.23329374e-03	9.98439700e-03	-5.75110326e-03
24              	8.24248424e-03	4.42034910e-02	6.20210436e-03	1.13435364e-02	-5.14143206e-03
25              	8.49759183e-03	4.45600869e-02	8.44801922e-03	1.27216014e-02	-4.27358222e-03
26              	8.65799793e-03	4.50778164e-02	1.09633945e-02	1.41396952e-02	-3.17630068e-03
27              	8.78506700e-03	4.57653869e-02	1.37206634e-02	1.56453987e-02	-1.92473531e-03
28              	8.93175610e-03	4.65140456e-02	1.67593002e-02	1.73114062e-02	-5.52105987e-04
29              	9.13193022e-03	4.71727979e-02	2.01313582e-02	1.91976093e-02	9.33748889e-04
30              	9.38525932e-03	4.76098040e-02	2.37885942e-02	2.12795564e-02	2.50903780e-03
31              	9.65084473e-03	4.77868775e-02	2.76972671e-02	2.34994783e-02	4.19778883e-03
32              	9.87335428e-03	4.77507875e-02	3.18941303e-02	2.58204194e-02	6.07371088e-03
33              	1.00058679e-02	4.76038566e-02	3.64435470e-02	2.82276415e-02	8.21590559e-03
34              	1.00346041e-02	4.74456171e-02	4.13642000e-02	3.07167042e-02	1.06474959e-02
35              	9.97991960e-03	4.73319314e-02	4.66130342e-02	3.32864367e-02	1.33265975e-02
36              	9.88311192e-03	4.72559378e-02	5.21174372e-02	3.59418305e-02	1.61756067e-02
37              	9.77969725e-03	4.71668282e-02	5.78178272e-02	3.86886108e-02	1.91292163e-02
38              	9.69322953e-03	4.70068699e-02	6.36709293e-02	4.15286942e-02	2.21422351e-02
39              	9.63533134e-03	4.67442024e-02	6.96073116e-02	4.44389871e-02	2.51683245e-02
40              	9.59769237e-03	4.63861314e-02	7.55585158e-02	4.73769503e-02	2.81815655e-02
41              	9.56234550e-03	4.59703307e-02	8.14682361e-02	5.02964636e-02	3.11717726e-02
42              	9.52247516e-03	4.55398287e-02	8.72777466e-02	5.31613484e-02	3.41163981e-02
43              	9.48275487e-03	4.51274729e-02	9.29301510e-02	5.59478304e-02	3.69823207e-02
44              	9.45608848e-03	4.47420660e-02	9.83842450e-02	5.86482110e-02	3.97360340e-02
45              	9.45754222e-03	4.43709038e-02	1.03608291e-01	6.12616876e-02	4.23466031e-02
46              	9.48694201e-03	4.40050811e-02	1.08725343e-01	6.38496133e-02	4.48757293e-02
47              	9.55799472e-03	4.36343983e-02	1.13593926e-01	6.63549578e-02	4.72389683e-02
48              	9.66379292e-03	4.32375397e-02	1.18069463e-01	6.86985242e-02	4.93709384e-02
49              	9.79586439e-03	4.28103335e-02	1.22121293e-01	7.08565110e-02	5.12647822e-02
50              	9.94544043e-03	4.23626709e-02	1.25794831e-01	7.28428557e-02	5.29519749e-02
51              	1.01047524e-02	4.19086063e-02	1.29148834e-01	7.46791695e-02	5.44696646e-02
52              	1.02657630e-02	4.14649224e-02	1.32246509e-01	7.63890175e-02	5.58574916e-02
53              	1.05648697e-02	4.10588180e-02	1.34467844e-01	7.77987918e-02	5.66690524e-02
54              	1.08747357e-02	4.06978798e-02	1.36284569e-01	7.90170205e-02	5.72675490e-02
55              	1.10879445e-02	4.03681212e-02	1.38137554e-01	8.01567216e-02	5.79808326e-02
56              	1.11566182e-02	4.00463757e-02	1.40239806e-01	8.12765213e-02	5.89632848e-02
57              	1.10962017e-02	3.97177345e-02	1.42551550e-01	8.23719766e-02	6.01795732e-02
58              	1.09552490e-02	3.93798441e-02	1.44873144e-01	8.33918209e-02	6.14813229e-02
59              	1.07872412e-02	3.90378227e-02	1.46969712e-01	8.42720973e-02	6.26976148e-02
60              	1.06255683e-02	3.87044656e-02	1.48675406e-01	8.49632713e-02	6.37121346e-02
61              	1.04742917e-02	3.83983309e-02	1.49954702e-01	8.54516426e-02	6.45030593e-02
62              	1.03105513e-02	3.81316374e-02	1.50903613e-01	8.57623577e-02	6.51412550e-02
63              	1.00971823e-02	3.79038153e-02	1.51683853e-01	8.59391086e-02	6.57447441e-02
64              	9.80516936e-03	3.77045253e-02	1.52441142e-01	8.60257404e-02	6.64154017e-02
65              	9.42455239e-03	3.75211439e-02	1.53252362e-01	8.60507333e-02	6.72016286e-02
66              	8.96726426e-03	3.73424269e-02	1.54116114e-01	8.60253215e-02	6.80907929e-02
67              	8.45900934e-03	3.71636292e-02	1.54980232e-01	8.59491255e-02	6.90311068e-02
68              	7.92817600e-03	3.69866967e-02	1.55780248e-01	8.58183002e-02	6.99619482e-02
69              	7.40150992e-03	3.68169153e-02	1.56467360e-01	8.56351901e-02	7.08321703e-02
70              	6.89203610e-03	3.66614006e-02	1.57037895e-01	8.54109836e-02	7.16269114e-02
71              	6.40426525e-03	3.65248961e-02	1.57520368e-01	8.51644492e-02	7.23559187e-02
72              	5.93920389e-03	3.64054924e-02	1.57949555e-01	8.49139814e-02	7.30355736e-02
73              	5.49297890e-03	3.62989846e-02	1.58365414e-01	8.46756859e-02	7.36897281e-02
74              	5.07161841e-03	3.61977975e-02	1.58780345e-01	8.44617909e-02	7.43185541e-02
75              	4.68208482e-03	3.60990846e-02	1.59203775e-01	8.42839722e-02	7.49198025e-02
76              	4.34140817e-03	3.59987627e-02	1.59615011e-01	8.41489139e-02	7.54660976e-02
77              	4.05943761e-03	3.58980815e-02	1.60001378e-01	8.40601267e-02	7.59412514e-02
78              	3.84385781e-03	3.57969075e-02	1.60345026e-01	8.40163706e-02	7.63286549e-02
79              	3.69546383e-03	3.56984355e-02	1.60647779e-01	8.40193535e-02	7.66284258e-02
80              	3.61368647e-03	3.56032180e-02	1.60911233e-01	8.40693031e-02	7.68419302e-02
81              	3.59301930e-03	3.55132218e-02	1.61152310e-01	8.41691743e-02	7.69831357e-02
82              	3.63017409e-03	3.54265487e-02	1.61381987e-01	8.43211674e-02	7.70608192e-02
83              	3.71932757e-03	3.53419150e-02	1.61616537e-01	8.45275960e-02	7.70889409e-02
84              	3.86133526e-03	3.52564077e-02	1.61859004e-01	8.47908373e-02	7.70681668e-02
85              	4.05267357e-03	3.51696108e-02	1.62114789e-01	8.51100679e-02	7.70047208e-02
86              	4.26763674e-03	3.49980321e-02	1.62206483e-01	8.53708782e-02	7.68356047e-02
87              	4.52279556e-03	3.47751471e-02	1.62216199e-01	8.56308951e-02	7.65853039e-02
88              	4.82501422e-03	3.45682697e-02	1.62239316e-01	8.59446724e-02	7.62946440e-02
89              	5.17135245e-03	3.44130932e-02	1.62354458e-01	8.63485814e-02	7.60058765e-02
90              	5.54603251e-03	3.43216661e-02	1.62617822e-01	8.68549437e-02	7.57628787e-02
91              	5.91729503e-03	3.42939982e-02	1.63046373e-01	8.74404817e-02	7.56058917e-02
92              	6.27137431e-03	3.42966748e-02	1.63586246e-01	8.80644974e-02	7.55217488e-02
93              	6.60764429e-03	3.42888734e-02	1.64169601e-01	8.86924446e-02	7.54771560e-02
94              	6.93546408e-03	3.42430341e-02	1.64745209e-01	8.93080685e-02	7.54371403e-02
95              	7.25338815e-03	3.41550834e-02	1.65309584e-01	8.99081800e-02	7.54014037e-02
96              	7.57676186e-03	3.40315189e-02	1.65866660e-01	9.05100918e-02	7.53565680e-02
97              	7.88949161e-03	3.38932280e-02	1.66459699e-01	9.11193411e-02	7.53403578e-02
98              	8.20135663e-03	3.37579588e-02	1.67098397e-01	9.17505550e-02	7.53478418e-02
99              	8.49322060e-03	3.36425872e-02	1.67812168e-01	9.23993045e-02	7.54128633e-02
100             	8.78312767e-03	3.35484540e-02	1.68576122e-01	9.30711888e-02	7.55049334e-02
101             	9.06401944e-03	3.34725713e-02	1.69388809e-01	9.37584242e-02	7.56303853e-02
102             	9.36498278e-03	3.33990539e-02	1.70209590e-01	9.44697779e-02	7.57398124e-02
103             	9.68812329e-03	3.33162963e-02	1.71028217e-01	9.52022319e-02	7.58259854e-02
104             	1.00579646e-02	3.32145908e-02	1.71819719e-01	9.59678242e-02	7.58518950e-02
105             	1.04803880e-02	3.30954032e-02	1.72592798e-01	9.67767871e-02	7.58160111e-02
106             	1.09775670e-02	3.29605758e-02	1.73325668e-01	9.76404012e-02	7.56852671e-02
107             	1.15539909e-02	3.28192550e-02	1.74021521e-01	9.85647516e-02	7.54567698e-02
108             	1.22209377e-02	3.26775284e-02	1.74670518e-01	9.95561966e-02	7.51143212e-02
109             	1.29868598e-02	3.25397780e-02	1.75263199e-01	1.00618459e-01	7.46447398e-02
110             	1.38546740e-02	3.24062416e-02	1.75792217e-01	1.01750783e-01	7.40414345e-02
111             	1.48209551e-02	3.22751766e-02	1.76252304e-01	1.02947107e-01	7.33051970e-02
112             	1.58833307e-02	3.21428242e-02	1.76638281e-01	1.04202471e-01	7.24358097e-02
113             	1.70381505e-02	3.20068831e-02	1.76951671e-01	1.05513986e-01	7.14376851e-02
114             	1.84228825e-02	3.19418372e-02	1.77279551e-01	1.07062658e-01	7.02168930e-02
115             	1.99403352e-02	3.19024773e-02	1.77569183e-01	1.08724927e-01	6.88442565e-02
116             	2.14886351e-02	3.18390015e-02	1.77777242e-01	1.10377256e-01	6.73999859e-02
117             	2.30109619e-02	3.17236417e-02	1.77876370e-01	1.11949147e-01	6.59272231e-02
118             	2.45048854e-02	3.15566293e-02	1.77880940e-01	1.13445356e-01	6.44355848e-02
119             	2.60134945e-02	3.13513254e-02	1.77800246e-01	1.14913617e-01	6.28866284e-02
120             	2.75518324e-02	3.11407020e-02	1.77667697e-01	1.16385681e-01	6.12820159e-02
121             	2.91289604e-02	3.09523689e-02	1.77506158e-01	1.17882039e-01	5.96241184e-02
122             	3.07248185e-02	3.07985429e-02	1.77356392e-01	1.19403015e-01	5.79533777e-02
123             	3.23105216e-02	3.06750509e-02	1.77237489e-01	1.20929266e-01	5.63082227e-02
124             	3.38359187e-02	3.05723539e-02	1.77170239e-01	1.22421038e-01	5.47492008e-02
125             	3.52764179e-02	3.04716098e-02	1.77134480e-01	1.23843658e-01	5.32908223e-02
126             	3.66282413e-02	3.03613786e-02	1.77125450e-01	1.25190966e-01	5.19344836e-02
127             	3.79077508e-02	3.02354939e-02	1.77126255e-01	1.26470878e-01	5.06553768e-02
128             	3.91223195e-02	3.00983780e-02	1.77145806e-01	1.27695222e-01	4.94505833e-02
129             	4.02851665e-02	2.99568174e-02	1.77176825e-01	1.28873579e-01	4.83032462e-02
130             	4.13812419e-02	2.98226940e-02	1.77247610e-01	1.30005047e-01	4.72425630e-02
131             	4.24041686e-02	2.97007090e-02	1.77363288e-01	1.31085813e-01	4.62774754e-02
132             	4.33352402e-02	2.95940629e-02	1.77543292e-01	1.32106886e-01	4.54364057e-02
133             	4.41677108e-02	2.94991024e-02	1.77783522e-01	1.33059472e-01	4.47240500e-02
134             	4.49006924e-02	2.94121885e-02	1.78086679e-01	1.33944032e-01	4.41426468e-02
135             	4.55453387e-02	2.93268609e-02	1.78437336e-01	1.34764007e-01	4.36733291e-02
136             	4.61079094e-02	2.92406139e-02	1.78833779e-01	1.35524799e-01	4.33089801e-02
137             	4.65965629e-02	2.91508110e-02	1.79262422e-01	1.36227774e-01	4.30346482e-02
138             	4.70019343e-02	2.90607678e-02	1.79731246e-01	1.36867557e-01	4.28636885e-02
139             	4.73238004e-02	2.89726042e-02	1.80237209e-01	1.37442405e-01	4.27948042e-02
140             	4.75559672e-02	2.88899389e-02	1.80791573e-01	1.37951754e-01	4.28398194e-02
141             	4.76737306e-02	2.87530060e-02	1.81394040e-01	1.38370750e-01	4.30232893e-02
142             	4.76933327e-02	2.86121526e-02	1.82035313e-01	1.38710989e-01	4.33243237e-02
143             	4.76490715e-02	2.85024908e-02	1.82709287e-01	1.39003715e-01	4.37055719e-02
144             	4.75524929e-02	2.84455430e-02	1.83407991e-01	1.39256489e-01	4.41515027e-02
145             	4.74127364e-02	2.84191099e-02	1.84155352e-01	1.39490413e-01	4.46649398e-02
146             	4.72205147e-02	2.84038142e-02	1.84980765e-01	1.39710897e-01	4.52698676e-02
147             	4.69743797e-02	2.83858152e-02	1.85830292e-01	1.39889526e-01	4.59407662e-02
148             	4.66731466e-02	2.83532613e-02	1.86689010e-01	1.40017652e-01	4.66713583e-02
149             	4.63297675e-02	2.83027294e-02	1.87540727e-01	1.40100131e-01	4.74405961e-02
150             	4.59536886e-02	2.82422315e-02	1.88392936e-01	1.40150157e-01	4.82427795e-02
151             	4.55594004e-02	2.81825361e-02	1.89246925e-01	1.40182863e-01	4.90640622e-02
152             	4.51552725e-02	2.81333385e-02	1.90112541e-01	1.40211543e-01	4.99009979e-02
153             	4.47540592e-02	2.80962749e-02	1.90983601e-01	1.40245860e-01	5.07377412e-02
154             	4.43571004e-02	2.80679684e-02	1.91856941e-01	1.40285571e-01	5.15713700e-02
155             	4.39724485e-02	2.80414454e-02	1.92719298e-01	1.40332098e-01	5.23872007e-02
156             	4.36076825e-02	2.80104888e-02	1.93562351e-01	1.40388858e-01	5.31734933e-02
157             	4.32673993e-02	2.79726688e-02	1.94383418e-01	1.40459108e-01	5.39243098e-02
158             	4.29605401e-02	2.79281830e-02	1.95179713e-01	1.40550396e-01	5.46293163e-02
159             	4.26977115e-02	2.78807030e-02	1.95953245e-01	1.40674334e-01	5.52789112e-02
160             	4.24695397e-02	2.78081491e-02	1.96692060e-01	1.40815570e-01	5.58764901e-02
161             	4.22956655e-02	2.77299092e-02	1.97404356e-01	1.40997844e-01	5.64065127e-02
162             	4.21301852e-02	2.76676549e-02	1.98125494e-01	1.41192932e-01	5.69325620e-02
163             	4.19517568e-02	2.76333296e-02	1.98880048e-01	1.41391781e-01	5.74882673e-02
164             	4.18060749e-02	2.76192061e-02	1.99647219e-01	1.41629685e-01	5.80175348e-02
165             	4.16456537e-02	2.76188358e-02	2.00448724e-01	1.41870016e-01	5.85787082e-02
166             	4.14747984e-02	2.76182399e-02	2.01273735e-01	1.42111666e-01	5.91620690e-02
167             	4.13276505e-02	2.76088207e-02	2.02102829e-01	1.42379065e-01	5.97237638e-02
168             	4.11659938e-02	2.75918583e-02	2.02944262e-01	1.42638125e-01	6.03061370e-02
169             	4.09949777e-02	2.75725309e-02	2.03794419e-01	1.42892187e-01	6.09022317e-02
170             	4.08334526e-02	2.75546647e-02	2.04639666e-01	1.43153286e-01	6.14863805e-02
171             	4.06515234e-02	2.75451756e-02	2.05492612e-01	1.43397829e-01	6.20947824e-02
172             	4.04627694e-02	2.75432737e-02	2.06345566e-01	1.43635552e-01	6.27100138e-02
173             	4.02540210e-02	2.75476068e-02	2.07201825e-01	1.43854934e-01	6.33468917e-02
174             	4.00156225e-02	2.75543307e-02	2.08061127e-01	1.44046186e-01	6.40149413e-02
175             	3.97454925e-02	2.75607885e-02	2.08924144e-01	1.44207565e-01	6.47165796e-02
176             	3.94421904e-02	2.75644021e-02	2.09784846e-01	1.44334614e-01	6.54502328e-02
177             	3.91127863e-02	2.75653279e-02	2.10640740e-01	1.44433157e-01	6.62075839e-02
178             	3.87456355e-02	2.75648607e-02	2.11493135e-01	1.44492203e-01	6.70009322e-02
179             	3.83363020e-02	2.75664888e-02	2.12349573e-01	1.44511089e-01	6.78384846e-02
180             	3.78988276e-02	2.75698501e-02	2.13199711e-01	1.44498683e-01	6.87010279e-02
181             	3.74401328e-02	2.75767706e-02	2.14050109e-01	1.44465188e-01	6.95849219e-02
182             	3.69574001e-02	2.75855476e-02	2.14896949e-01	1.44405875e-01	7.04910743e-02
183             	3.64558679e-02	2.75970204e-02	2.15748199e-01	1.44329967e-01	7.14182317e-02
184             	3.59537773e-02	2.76077032e-02	2.16587321e-01	1.44247438e-01	7.23398834e-02
185             	3.54426713e-02	2.76201809e-02	2.17428695e-01	1.44157019e-01	7.32716764e-02
186             	3.49230195e-02	2.76330221e-02	2.18261898e-01	1.44053968e-01	7.42079293e-02
187             	3.43997873e-02	2.76483843e-02	2.19097527e-01	1.43948551e-01	7.51489762e-02
188             	3.38834997e-02	2.76639649e-02	2.19921540e-01	1.43844269e-01	7.60772700e-02
189             	3.33681823e-02	2.76821558e-02	2.20751993e-01	1.43744179e-01	7.70078143e-02
190             	3.28626332e-02	2.76998325e-02	2.21574831e-01	1.43650049e-01	7.79247822e-02
191             	3.23608920e-02	2.77191840e-02	2.22405438e-01	1.43563611e-01	7.88418269e-02
192             	3.18747251e-02	2.77369373e-02	2.23222810e-01	1.43486130e-01	7.97366798e-02
193             	3.13955875e-02	2.77563344e-02	2.24045331e-01	1.43418253e-01	8.06270781e-02
194             	3.09282553e-02	2.77751080e-02	2.24861087e-01	1.43358799e-01	8.15022880e-02
195             	3.04655540e-02	2.77957765e-02	2.25684406e-01	1.43307757e-01	8.23766492e-02
196             	3.00159782e-02	2.78154092e-02	2.26498891e-01	1.43265424e-01	8.32334671e-02
197             	2.95738865e-02	2.78360748e-02	2.27317731e-01	1.43232752e-01	8.40849790e-02
198             	2.91478338e-02	2.78550110e-02	2.28123560e-01	1.43209614e-01	8.49139464e-02
199             	2.87337236e-02	2.78741440e-02	2.28927140e-01	1.43197294e-01	8.57298463e-02
200             	2.83396356e-02	2.78910059e-02	2.29710586e-01	1.43194929e-01	8.65156574e-02
201             	2.79592614e-02	2.79078652e-02	2.30483600e-01	1.43201061e-01	8.72825386e-02
202             	2.75957728e-02	2.79228690e-02	2.31231682e-01	1.43211614e-01	8.80200684e-02
203             	2.72406258e-02	2.79386592e-02	2.31968922e-01	1.43225087e-01	8.87438353e-02
204             	2.68951045e-02	2.79538103e-02	2.32687510e-01	1.43238859e-01	8.94486505e-02
205             	2.65512077e-02	2.79703180e-02	2.33403579e-01	1.43252997e-01	9.01505817e-02
206             	2.62108617e-02	2.79868616e-02	2.34111803e-01	1.43266763e-01	9.08450400e-02
207             	2.58726116e-02	2.80041409e-02	2.34814743e-01	1.43279983e-01	9.15347601e-02
208             	2.55386816e-02	2.80208311e-02	2.35503452e-01	1.43290407e-01	9.22130442e-02
209             	2.52059613e-02	2.80377884e-02	2.36182745e-01	1.43297334e-01	9.28854111e-02
210             	2.48741107e-02	2.80543173e-02	2.36849190e-01	1.43298706e-01	9.35504843e-02
211             	2.45389842e-02	2.80714597e-02	2.37513280e-01	1.43295624e-01	9.42176559e-02
212             	2.42007117e-02	2.80885263e-02	2.38173379e-01	1.43287401e-01	9.48859777e-02
213             	2.38555082e-02	2.81065104e-02	2.38840091e-01	1.43275554e-01	9.55645374e-02
214             	2.35051504e-02	2.81246733e-02	2.39509558e-01	1.43259930e-01	9.62496288e-02
215             	2.31486935e-02	2.81437826e-02	2.40186838e-01	1.43242112e-01	9.69447253e-02
216             	2.27882906e-02	2.81628224e-02	2.40865947e-01	1.43221264e-01	9.76446827e-02
217             	2.24253778e-02	2.81823295e-02	2.41546718e-01	1.43198737e-01	9.83479810e-02
218             	2.20634123e-02	2.82013805e-02	2.42220651e-01	1.43173738e-01	9.90469131e-02
219             	2.17014376e-02	2.82206934e-02	2.42891018e-01	1.43146947e-01	9.97440716e-02
220             	2.13416460e-02	2.82392559e-02	2.43551587e-01	1.43117439e-01	1.00434147e-01
221             	2.09834680e-02	2.82580849e-02	2.44205202e-01	1.43086069e-01	1.01119133e-01
222             	2.06291595e-02	2.82762790e-02	2.44847299e-01	1.43052809e-01	1.01794490e-01
223             	2.02764022e-02	2.82948660e-02	2.45484248e-01	1.43018526e-01	1.02465722e-01
224             	1.99251653e-02	2.83130191e-02	2.46113137e-01	1.42981734e-01	1.03131403e-01
225             	1.95718245e-02	2.83316311e-02	2.46740268e-01	1.42941958e-01	1.03798309e-01
226             	1.92182981e-02	2.83497888e-02	2.47359688e-01	1.42898142e-01	1.04461546e-01
227             	1.88621089e-02	2.83686903e-02	2.47977141e-01	1.42850680e-01	1.05126462e-01
228             	1.85052378e-02	2.83876566e-02	2.48586826e-01	1.42798651e-01	1.05788175e-01
229             	1.81447402e-02	2.84082803e-02	2.49197097e-01	1.42743289e-01	1.06453808e-01
230             	1.77810180e-02	2.84294595e-02	2.49803684e-01	1.42682860e-01	1.07120824e-01
231             	1.74112776e-02	2.84519720e-02	2.50412928e-01	1.42617741e-01	1.07795186e-01
232             	1.70382971e-02	2.84743628e-02	2.51017964e-01	1.42547279e-01	1.08470685e-01
233             	1.66622370e-02	2.84971032e-02	2.51622093e-01	1.42473283e-01	1.09148809e-01
234             	1.62886716e-02	2.85186976e-02	2.52215422e-01	1.42396383e-01	1.09819040e-01
235             	1.59162610e-02	2.85400194e-02	2.52802746e-01	1.42317634e-01	1.10485112e-01
236             	1.55458847e-02	2.85605343e-02	2.53380399e-01	1.42236084e-01	1.11144315e-01
237             	1.51727463e-02	2.85820064e-02	2.53958580e-01	1.42152037e-01	1.11806544e-01
238             	1.47967738e-02	2.86037556e-02	2.54532869e-01	1.42063209e-01	1.12469661e-01
239             	1.44145834e-02	2.86266831e-02	2.55109758e-01	1.41969462e-01	1.13140296e-01
240             	1.40293784e-02	2.86494367e-02	2.55682106e-01	1.41870431e-01	1.13811674e-01
241             	1.36409193e-02	2.86725824e-02	2.56254038e-01	1.41767938e-01	1.14486100e-01
242             	1.32533035e-02	2.86949277e-02	2.56817880e-01	1.41662243e-01	1.15155636e-01
243             	1.28646486e-02	2.87175634e-02	2.57379345e-01	1.41554321e-01	1.15825024e-01
244             	1.24779751e-02	2.87396353e-02	2.57931919e-01	1.41443935e-01	1.16487985e-01
245             	1.20912984e-02	2.87621988e-02	2.58481328e-01	1.41331962e-01	1.17149366e-01
246             	1.17076434e-02	2.87842720e-02	2.59020971e-01	1.41218129e-01	1.17802842e-01
247             	1.13242827e-02	2.88068837e-02	2.59556947e-01	1.41102756e-01	1.18454191e-01
248             	1.09439455e-02	2.88289938e-02	2.60082745e-01	1.40985318e-01	1.19097427e-01
249             	1.05637538e-02	2.88515777e-02	2.60604664e-01	1.40866086e-01	1.19738578e-01
250             	1.01861065e-02	2.88736194e-02	2.61116855e-01	1.40744534e-01	1.20372321e-01
251             	9.80810364e-03	2.88960746e-02	2.61626138e-01	1.40621173e-01	1.21004965e-01
252             	9.43199598e-03	2.89179408e-02	2.62127018e-01	1.40495505e-01	1.21631513e-01
253             	9.05459123e-03	2.89402475e-02	2.62626227e-01	1.40367705e-01	1.22258522e-01
254             	8.67876446e-03	2.89620661e-02	2.63117779e-01	1.40237654e-01	1.22880125e-01
255             	8.30207154e-03	2.89843479e-02	2.63607705e-01	1.40105924e-01	1.23501781e-01
256             	7.92762352e-03	2.90060306e-02	2.64089670e-01	1.39972458e-01	1.24117211e-01
257             	7.55282623e-03	2.90280092e-02	2.64569708e-01	1.39837680e-01	1.24732028e-01
258             	7.18000738e-03	2.90493191e-02	2.65041994e-01	1.39701005e-01	1.25340990e-01
259             	6.80611361e-03	2.90709626e-02	2.65513205e-01	1.39562716e-01	1.25950489e-01
260             	6.43303243e-03	2.90920274e-02	2.65977826e-01	1.39421946e-01	1.26555881e-01
261             	6.05785463e-03	2.91135448e-02	2.66441613e-01	1.39278661e-01	1.27162952e-01
262             	5.68312320e-03	2.91346098e-02	2.66898410e-01	1.39132328e-01	1.27766082e-01
263             	5.30741247e-03	2.91565112e-02	2.67355100e-01	1.38984962e-01	1.28370137e-01
264             	4.93434734e-03	2.91777406e-02	2.67803403e-01	1.38836049e-01	1.28967354e-01
265             	4.56220377e-03	2.91995403e-02	2.68249386e-01	1.38686897e-01	1.29562489e-01
266             	4.19434165e-03	2.92206608e-02	2.68686184e-01	1.38537434e-01	1.30148750e-01
267             	3.82929028e-03	2.92420898e-02	2.69119168e-01	1.38388874e-01	1.30730294e-01
268             	3.47051139e-03	2.92626833e-02	2.69541767e-01	1.38241395e-01	1.31300372e-01
269             	3.11574084e-03	2.92833558e-02	2.69960160e-01	1.38095821e-01	1.31864339e-01
270             	2.76700104e-03	2.93031028e-02	2.70368991e-01	1.37951496e-01	1.32417494e-01
271             	2.42229473e-03	2.93229822e-02	2.70774390e-01	1.37809490e-01	1.32964900e-01
272             	2.08446236e-03	2.93420806e-02	2.71170411e-01	1.37669668e-01	1.33500743e-01
273             	1.75196329e-03	2.93614319e-02	2.71562462e-01	1.37533195e-01	1.34029268e-01
274             	1.42698840e-03	2.93800840e-02	2.71944456e-01	1.37399216e-01	1.34545240e-01
275             	1.10700887e-03	2.93989524e-02	2.72322202e-01	1.37268110e-01	1.35054092e-01
276             	7.94582970e-04	2.94170223e-02	2.72689657e-01	1.37139412e-01	1.35550246e-01
277             	4.87221343e-04	2.94352101e-02	2.73052654e-01	1.37013549e-01	1.36039106e-01
278             	1.87205317e-04	2.94525296e-02	2.73405703e-01	1.36890057e-01	1.36515646e-01
279             	-1.07890415e-04	2.94698929e-02	2.73754719e-01	1.36769469e-01	1.36985250e-01
280             	-3.95968110e-04	2.94863791e-02	2.74094198e-01	1.36651131e-01	1.37443067e-01
281             	-6.79536240e-04	2.95029470e-02	2.74430169e-01	1.36535548e-01	1.37894621e-01
282             	-9.56460487e-04	2.95186942e-02	2.74757152e-01	1.36422116e-01	1.38335036e-01
283             	-1.22911864e-03	2.95345770e-02	2.75080945e-01	1.36311354e-01	1.38769591e-01
284             	-1.49573188e-03	2.95497028e-02	2.75396149e-01	1.36202343e-01	1.39193807e-01
285             	-1.75827799e-03	2.95649562e-02	2.75708232e-01	1.36095838e-01	1.39612394e-01
286             	-2.01466524e-03	2.95794227e-02	2.76011534e-01	1.35991102e-01	1.40020432e-01
287             	-2.26669465e-03	2.95939901e-02	2.76311462e-01	1.35889037e-01	1.40422426e-01
288             	-2.51205596e-03	2.96077769e-02	2.76602417e-01	1.35789152e-01	1.40813264e-01
289             	-2.75252182e-03	2.96216853e-02	2.76889735e-01	1.35692345e-01	1.41197389e-01
290             	-2.98609146e-03	2.96348242e-02	2.77167972e-01	1.35597895e-01	1.41570077e-01
291             	-3.21463025e-03	2.96480648e-02	2.77442548e-01	1.35506644e-01	1.41935904e-01
292             	-3.43605685e-03	2.96605417e-02	2.77708197e-01	1.35418042e-01	1.42290155e-01
293             	-3.65227570e-03	2.96731295e-02	2.77970453e-01	1.35332951e-01	1.42637502e-01
294             	-3.86072848e-03	2.96848645e-02	2.78223587e-01	1.35251065e-01	1.42972522e-01
295             	-4.06301515e-03	2.96964828e-02	2.78472567e-01	1.35173268e-01	1.43299299e-01
296             	-4.25712022e-03	2.97070664e-02	2.78711809e-01	1.35098784e-01	1.43613025e-01
297             	-4.44518236e-03	2.97175336e-02	2.78946788e-01	1.35028212e-01	1.43918577e-01
298             	-4.62563626e-03	2.97271952e-02	2.79172670e-01	1.34960699e-01	1.44211971e-01
299             	-4.80093305e-03	2.97371110e-02	2.79395004e-01	1.34896569e-01	1.44498435e-01
300             	-4.96882456e-03	2.97464251e-02	2.79608539e-01	1.34835445e-01	1.44773094e-01
301             	-5.13100544e-03	2.97559340e-02	2.79818636e-01	1.34778312e-01	1.45040323e-01
302             	-5.28575512e-03	2.97646611e-02	2.80020125e-01	1.34724308e-01	1.45295818e-01
303             	-5.43498217e-03	2.97733657e-02	2.80218203e-01	1.34674119e-01	1.45544084e-01
304             	-5.57667548e-03	2.97811780e-02	2.80407494e-01	1.34627072e-01	1.45780423e-01
305             	-5.71287220e-03	2.97889800e-02	2.80593272e-01	1.34583764e-01	1.46009508e-01
306             	-5.84188614e-03	2.97959815e-02	2.80770600e-01	1.34543414e-01	1.46227186e-01
307             	-5.96592858e-03	2.98030746e-02	2.80945084e-01	1.34506614e-01	1.46438471e-01
308             	-6.08316599e-03	2.98097676e-02	2.81112219e-01	1.34472943e-01	1.46639275e-01
309             	-6.19594532e-03	2.98168091e-02	2.81276763e-01	1.34442436e-01	1.46834327e-01
310             	-6.30345041e-03	2.98231780e-02	2.81433560e-01	1.34413330e-01	1.47020231e-01
311             	-6.40766301e-03	2.98295638e-02	2.81587811e-01	1.34386243e-01	1.47201569e-01
312             	-6.50735844e-03	2.98350724e-02	2.81734910e-01	1.34360096e-01	1.47374813e-01
313             	-6.60479648e-03	2.98407531e-02	2.81880928e-01	1.34335667e-01	1.47545260e-01
314             	-6.69791011e-03	2.98459502e-02	2.82020806e-01	1.34312493e-01	1.47708313e-01
315             	-6.78834710e-03	2.98514569e-02	2.82159035e-01	1.34291170e-01	1.47867865e-01
316             	-6.87436360e-03	2.98563722e-02	2.82290295e-01	1.34270784e-01	1.48019511e-01
317             	-6.95797892e-03	2.98614994e-02	2.82419770e-01	1.34251906e-01	1.48167864e-01
318             	-7.03390044e-03	2.98657200e-02	2.82537265e-01	1.34234732e-01	1.48302533e-01
319             	-7.11291348e-03	2.98706115e-02	2.82662269e-01	1.34218221e-01	1.48444048e-01
320             	-7.18713402e-03	2.98748518e-02	2.82780729e-01	1.34203230e-01	1.48577498e-01
321             	-7.25504088e-03	2.98789356e-02	2.82891472e-01	1.34190695e-01	1.48700777e-01
322             	-7.31978518e-03	2.98825353e-02	2.82997671e-01	1.34179050e-01	1.48818621e-01
323             	-7.38348446e-03	2.98864994e-02	2.83104541e-01	1.34168786e-01	1.48935755e-01
324             	-7.44680144e-03	2.98902525e-02	2.83211324e-01	1.34158861e-01	1.49052463e-01
325             	-7.50387086e-03	2.98938588e-02	2.83309521e-01	1.34150889e-01	1.49158631e-01
326             	-7.55683200e-03	2.98969129e-02	2.83401331e-01	1.34143833e-01	1.49257497e-01
327             	-7.60823566e-03	2.99002862e-02	2.83492717e-01	1.34138123e-01	1.49354594e-01
328             	-7.65687899e-03	2.99032869e-02	2.83579682e-01	1.34132962e-01	1.49446720e-01
329             	-7.70457058e-03	2.99066642e-02	2.83666972e-01	1.34128915e-01	1.49538056e-01
330             	-7.74968103e-03	2.99096370e-02	2.83749733e-01	1.34125185e-01	1.49624547e-01
331             	-7.79392493e-03	2.99129218e-02	2.83832307e-01	1.34122229e-01	1.49710078e-01
332             	-7.83573323e-03	2.99157329e-02	2.83909995e-01	1.34119264e-01	1.49790731e-01
333             	-7.87678847e-03	2.99188103e-02	2.83987404e-01	1.34116914e-01	1.49870491e-01
334             	-7.91561700e-03	2.99214308e-02	2.84060240e-01	1.34114503e-01	1.49945737e-01
335             	-7.95405524e-03	2.99243743e-02	2.84133325e-01	1.34112607e-01	1.50020718e-01
336             	-7.99063225e-03	2.99269308e-02	2.84202421e-01	1.34110578e-01	1.50091843e-01
337             	-8.02706309e-03	2.99298493e-02	2.84272186e-01	1.34109030e-01	1.50163156e-01
338             	-8.06177540e-03	2.99323797e-02	2.84338168e-01	1.34107308e-01	1.50230859e-01
339             	-8.09640960e-03	2.99352367e-02	2.84404790e-01	1.34105985e-01	1.50298804e-01
340             	-8.12937378e-03	2.99376588e-02	2.84467486e-01	1.34104369e-01	1.50363117e-01
341             	-8.16224100e-03	2.99403538e-02	2.84530623e-01	1.34103070e-01	1.50427552e-01
342             	-8.19351998e-03	2.99425845e-02	2.84589839e-01	1.34101400e-01	1.50488440e-01
343             	-8.22480931e-03	2.99450765e-02	2.84649657e-01	1.34100019e-01	1.50549638e-01
344             	-8.25447918e-03	2.99471003e-02	2.84705703e-01	1.34098372e-01	1.50607331e-01
345             	-8.28414467e-03	2.99493800e-02	2.84762396e-01	1.34097053e-01	1.50665343e-01
346             	-8.31220468e-03	2.99511869e-02	2.84815254e-01	1.34095422e-01	1.50719832e-01
347             	-8.34018919e-03	2.99532592e-02	2.84868590e-01	1.34094106e-01	1.50774484e-01
348             	-8.36800270e-03	2.99550146e-02	2.84920647e-01	1.34092321e-01	1.50828326e-01
349             	-8.39444791e-03	2.99569149e-02	2.84971189e-01	1.34091147e-01	1.50880043e-01
350             	-8.41813710e-03	2.99582328e-02	2.85016005e-01	1.34089866e-01	1.50926140e-01
351             	-8.44132462e-03	2.99597496e-02	2.85060607e-01	1.34088979e-01	1.50971628e-01
352             	-8.46319440e-03	2.99610830e-02	2.85102468e-01	1.34088040e-01	1.51014429e-01
353             	-8.48584337e-03	2.99630182e-02	2.85146550e-01	1.34087432e-01	1.51059118e-01
354             	-8.50788448e-03	2.99646802e-02	2.85187708e-01	1.34085969e-01	1.51101738e-01
355             	-8.53057773e-03	2.99665789e-02	2.85229182e-01	1.34084013e-01	1.51145169e-01
356             	-8.55202315e-03	2.99678795e-02	2.85266066e-01	1.34081010e-01	1.51185056e-01
357             	-8.57339345e-03	2.99692958e-02	2.85302760e-01	1.34077987e-01	1.51224773e-01
358             	-8.59323081e-03	2.99702193e-02	2.85335666e-01	1.34074602e-01	1.51261064e-01
359             	-8.61334205e-03	2.99715072e-02	2.85369782e-01	1.34071549e-01	1.51298233e-01
360             	-8.63270285e-03	2.99725901e-02	2.85401422e-01	1.34068008e-01	1.51333414e-01
361             	-8.65311602e-03	2.99742610e-02	2.85434953e-01	1.34064360e-01	1.51370592e-01
362             	-8.67310500e-03	2.99757978e-02	2.85466096e-01	1.34059943e-01	1.51406153e-01
363             	-8.69384101e-03	2.99777826e-02	2.85498748e-01	1.34055533e-01	1.51443215e-01
364             	-8.71348757e-03	2.99793721e-02	2.85528409e-01	1.34050717e-01	1.51477692e-01
365             	-8.73315948e-03	2.99811398e-02	2.85558910e-01	1.34046296e-01	1.51512615e-01
366             	-8.75134685e-03	2.99823537e-02	2.85586059e-01	1.34041683e-01	1.51544376e-01
367             	-8.76952401e-03	2.99837039e-02	2.85614064e-01	1.34037508e-01	1.51576556e-01
368             	-8.78646431e-03	2.99845676e-02	2.85639059e-01	1.34033065e-01	1.51605994e-01
369             	-8.80375276e-03	2.99856992e-02	2.85665362e-01	1.34028928e-01	1.51636434e-01
370             	-8.82005443e-03	2.99864842e-02	2.85688948e-01	1.34024420e-01	1.51664529e-01
371             	-8.83673503e-03	2.99876283e-02	2.85713852e-01	1.34020191e-01	1.51693661e-01
372             	-8.85235914e-03	2.99884559e-02	2.85735967e-01	1.34015624e-01	1.51720342e-01
373             	-8.86824589e-03	2.99896156e-02	2.85759270e-01	1.34011389e-01	1.51747881e-01
374             	-8.88303380e-03	2.99904232e-02	2.85779735e-01	1.34006834e-01	1.51772901e-01
375             	-8.89815403e-03	2.99915344e-02	2.85801436e-01	1.34002564e-01	1.51798872e-01
376             	-8.91231521e-03	2.99922594e-02	2.85820390e-01	1.33997880e-01	1.51822510e-01
377             	-8.92692330e-03	2.99932673e-02	2.85840633e-01	1.33993393e-01	1.51847240e-01
378             	-8.94059523e-03	2.99939017e-02	2.85858134e-01	1.33988472e-01	1.51869662e-01
379             	-8.95465268e-03	2.99948411e-02	2.85876881e-01	1.33983788e-01	1.51893093e-01
380             	-8.96769554e-03	2.99954426e-02	2.85892907e-01	1.33978758e-01	1.51914149e-01
381             	-8.98106867e-03	2.99963462e-02	2.85910193e-01	1.33974028e-01	1.51936165e-01
382             	-8.99347765e-03	2.99968665e-02	2.85924764e-01	1.33968904e-01	1.51955860e-01
383             	-9.00639871e-03	2.99977064e-02	2.85940663e-01	1.33963933e-01	1.51976730e-01
384             	-9.01859114e-03	2.99982563e-02	2.85954011e-01	1.33958414e-01	1.51995597e-01
385             	-9.03144175e-03	2.99992142e-02	2.85968895e-01	1.33953006e-01	1.52015889e-01
386             	-9.04356739e-03	2.99999135e-02	2.85981421e-01	1.33947143e-01	1.52034278e-01
387             	-9.05618916e-03	3.00009847e-02	2.85995566e-01	1.33941594e-01	1.52053972e-01
388             	-9.06784810e-03	3.00017275e-02	2.86007300e-01	1.33935802e-01	1.52071498e-01
389             	-9.07982946e-03	3.00027801e-02	2.86020556e-01	1.33930449e-01	1.52090108e-01
390             	-9.09083518e-03	3.00034772e-02	2.86031341e-01	1.33924835e-01	1.52106506e-01
391             	-9.10229676e-03	3.00044952e-02	2.86043659e-01	1.33919533e-01	1.52124126e-01
392             	-9.11295883e-03	3.00051956e-02	2.86053592e-01	1.33913837e-01	1.52139755e-01
393             	-9.12422471e-03	3.00062583e-02	2.86065195e-01	1.33908373e-01	1.52156822e-01
394             	-9.13477826e-03	3.00070433e-02	2.86074618e-01	1.33902531e-01	1.52172087e-01
395             	-9.14597007e-03	3.00082182e-02	2.86085934e-01	1.33896997e-01	1.52188937e-01
396             	-9.15638538e-03	3.00090747e-02	2.86095064e-01	1.33891147e-01	1.52203918e-01
397             	-9.16728338e-03	3.00101951e-02	2.86105838e-01	1.33885636e-01	1.52220202e-01
398             	-9.17718679e-03	3.00108606e-02	2.86114097e-01	1.33879862e-01	1.52234235e-01
399             	-9.18746445e-03	3.00117377e-02	2.86123803e-01	1.33874437e-01	1.52249366e-01
400             	-9.19674421e-03	3.00121937e-02	2.86130888e-01	1.33868700e-01	1.52262188e-01
401             	-9.20644253e-03	3.00129294e-02	2.86139368e-01	1.33863242e-01	1.52276127e-01
402             	-9.21511965e-03	3.00132879e-02	2.86145160e-01	1.33857460e-01	1.52287700e-01
403             	-9.22407829e-03	3.00139037e-02	2.86152115e-01	1.33851979e-01	1.52300136e-01
404             	-9.23180847e-03	3.00140704e-02	2.86155967e-01	1.33846175e-01	1.52309792e-01
405             	-9.23968060e-03	3.00144131e-02	2.86160349e-01	1.33840494e-01	1.52319855e-01
406             	-9.24626988e-03	3.00142216e-02	2.86161126e-01	1.33834293e-01	1.52326833e-01
407             	-9.25293577e-03	3.00141297e-02	2.86162287e-01	1.33828208e-01	1.52334079e-01
408             	-9.25825554e-03	3.00135299e-02	2.86160030e-01	1.33821759e-01	1.52338271e-01
409             	-9.26359442e-03	3.00131557e-02	2.86158454e-01	1.33815632e-01	1.52342821e-01
410             	-9.26755355e-03	3.00123850e-02	2.86153665e-01	1.33809279e-01	1.52344386e-01
411             	-9.27144468e-03	3.00117882e-02	2.86149224e-01	1.33803167e-01	1.52346056e-01
412             	-9.27419193e-03	3.00105532e-02	2.86140773e-01	1.33796195e-01	1.52344578e-01
413             	-9.27721292e-03	3.00094773e-02	2.86133097e-01	1.33789336e-01	1.52343762e-01
414             	-9.27948211e-03	3.00079413e-02	2.86122920e-01	1.33781978e-01	1.52340942e-01
415             	-9.28278919e-03	3.00067484e-02	2.86114814e-01	1.33774618e-01	1.52340196e-01
416             	-9.28622739e-03	3.00054550e-02	2.86105529e-01	1.33766537e-01	1.52338992e-01
417             	-9.29090863e-03	3.00048323e-02	2.86099462e-01	1.33758823e-01	1.52340640e-01
418             	-9.29578116e-03	3.00041486e-02	2.86092077e-01	1.33750258e-01	1.52341820e-01
419             	-9.30192079e-03	3.00039527e-02	2.86087132e-01	1.33741645e-01	1.52345487e-01
420             	-9.30792894e-03	3.00035898e-02	2.86081288e-01	1.33732715e-01	1.52348573e-01
421             	-9.31501722e-03	3.00036479e-02	2.86078510e-01	1.33724238e-01	1.52354272e-01
422             	-9.32205099e-03	3.00035510e-02	2.86075567e-01	1.33715732e-01	1.52359834e-01
423             	-9.33044464e-03	3.00039483e-02	2.86076336e-01	1.33707723e-01	1.52368613e-01
424             	-9.33906639e-03	3.00042731e-02	2.86077277e-01	1.33699572e-01	1.52377705e-01
425             	-9.34916080e-03	3.00051304e-02	2.86081950e-01	1.33691814e-01	1.52390136e-01
426             	-9.35938204e-03	3.00058651e-02	2.86086516e-01	1.33683876e-01	1.52402640e-01
427             	-9.37085482e-03	3.00070238e-02	2.86094450e-01	1.33676370e-01	1.52418080e-01
428             	-9.38215994e-03	3.00079306e-02	2.86101802e-01	1.33668741e-01	1.52433061e-01
429             	-9.39453151e-03	3.00091823e-02	2.86112281e-01	1.33661609e-01	1.52450672e-01
430             	-9.40653853e-03	3.00101261e-02	2.86121886e-01	1.33654404e-01	1.52467481e-01
431             	-9.41953841e-03	3.00114233e-02	2.86134537e-01	1.33647730e-01	1.52486807e-01
432             	-9.43193130e-03	3.00123956e-02	2.86145878e-01	1.33641008e-01	1.52504870e-01
433             	-9.44514153e-03	3.00137365e-02	2.86159925e-01	1.33634821e-01	1.52525104e-01
434             	-9.45747635e-03	3.00147280e-02	2.86172066e-01	1.33628557e-01	1.52543509e-01
435             	-9.47053924e-03	3.00160899e-02	2.86186628e-01	1.33622775e-01	1.52563853e-01
436             	-9.48260904e-03	3.00170737e-02	2.86198908e-01	1.33616845e-01	1.52582063e-01
437             	-9.49552599e-03	3.00184388e-02	2.86213671e-01	1.33611309e-01	1.52602361e-01
438             	-9.50746226e-03	3.00194086e-02	2.86226093e-01	1.33605584e-01	1.52620509e-01
439             	-9.52027061e-03	3.00207673e-02	2.86241013e-01	1.33600236e-01	1.52640777e-01
440             	-9.53195406e-03	3.00217184e-02	2.86253308e-01	1.33594700e-01	1.52658608e-01
441             	-9.54435786e-03	3.00230532e-02	2.86267807e-01	1.33589545e-01	1.52678261e-01
442             	-9.55545739e-03	3.00239536e-02	2.86279318e-01	1.33584202e-01	1.52695116e-01
443             	-9.56722325e-03	3.00252343e-02	2.86292893e-01	1.33579223e-01	1.52713670e-01
444             	-9.57770164e-03	3.00260845e-02	2.86303445e-01	1.33574021e-01	1.52729424e-01
445             	-9.58893513e-03	3.00273355e-02	2.86316156e-01	1.33569143e-01	1.52747013e-01
446             	-9.59895881e-03	3.00281704e-02	2.86325909e-01	1.33563996e-01	1.52761914e-01
447             	-9.60978594e-03	3.00294056e-02	2.86337856e-01	1.33559142e-01	1.52778714e-01
448             	-9.61934765e-03	3.00301976e-02	2.86346751e-01	1.33554028e-01	1.52792723e-01
449             	-9.62955528e-03	3.00313426e-02	2.86357575e-01	1.33549232e-01	1.52808343e-01
450             	-9.63833512e-03	3.00319990e-02	2.86365058e-01	1.33544194e-01	1.52820864e-01
451             	-9.64769683e-03	3.00329939e-02	2.86374342e-01	1.33539474e-01	1.52834868e-01
452             	-9.65570460e-03	3.00335202e-02	2.86380382e-01	1.33534487e-01	1.52845896e-01
453             	-9.66442270e-03	3.00344128e-02	2.86388392e-01	1.33529773e-01	1.52858619e-01
454             	-9.67189721e-03	3.00348446e-02	2.86393333e-01	1.33524769e-01	1.52868564e-01
455             	-9.68008769e-03	3.00356135e-02	2.86400260e-01	1.33520042e-01	1.52880218e-01
456             	-9.68701374e-03	3.00358886e-02	2.86404126e-01	1.33515049e-01	1.52889076e-01
457             	-9.69460850e-03	3.00364728e-02	2.86409900e-01	1.33510341e-01	1.52899558e-01
458             	-9.70098159e-03	3.00365663e-02	2.86412680e-01	1.33505358e-01	1.52907321e-01
459             	-9.70808047e-03	3.00369746e-02	2.86417433e-01	1.33500636e-01	1.52916797e-01
460             	-9.71402242e-03	3.00368912e-02	2.86419293e-01	1.33495624e-01	1.52923669e-01
461             	-9.72066196e-03	3.00370970e-02	2.86423019e-01	1.33490847e-01	1.52932171e-01
462             	-9.72611072e-03	3.00368099e-02	2.86423732e-01	1.33485755e-01	1.52937977e-01
463             	-9.73217789e-03	3.00367994e-02	2.86426035e-01	1.33480840e-01	1.52945195e-01
464             	-9.73700244e-03	3.00362910e-02	2.86425198e-01	1.33475596e-01	1.52949601e-01
465             	-9.74239559e-03	3.00360569e-02	2.86425922e-01	1.33470565e-01	1.52955357e-01
466             	-9.74654049e-03	3.00353445e-02	2.86423637e-01	1.33465278e-01	1.52958359e-01
467             	-9.75129152e-03	3.00349695e-02	2.86423132e-01	1.33460275e-01	1.52962858e-01
468             	-9.75488861e-03	3.00342131e-02	2.86419847e-01	1.33455035e-01	1.52964812e-01
469             	-9.75920292e-03	3.00338999e-02	2.86418455e-01	1.33450025e-01	1.52968430e-01
470             	-9.76248976e-03	3.00332950e-02	2.86414342e-01	1.33444681e-01	1.52969661e-01
471             	-9.76660086e-03	3.00331789e-02	2.86412226e-01	1.33439512e-01	1.52972714e-01
472             	-9.76967700e-03	3.00327499e-02	2.86407566e-01	1.33434106e-01	1.52973460e-01
473             	-9.77351047e-03	3.00327448e-02	2.86405158e-01	1.33429069e-01	1.52976090e-01
474             	-9.77619321e-03	3.00323286e-02	2.86400281e-01	1.33423947e-01	1.52976334e-01
475             	-9.77962681e-03	3.00322776e-02	2.86397693e-01	1.33419220e-01	1.52978473e-01
476             	-9.78193075e-03	3.00317791e-02	2.86392432e-01	1.33414285e-01	1.52978147e-01
477             	-9.78514207e-03	3.00316530e-02	2.86389346e-01	1.33409531e-01	1.52979815e-01
478             	-9.78731280e-03	3.00311061e-02	2.86383442e-01	1.33404408e-01	1.52979034e-01
479             	-9.79053785e-03	3.00310202e-02	2.86379965e-01	1.33399445e-01	1.52980520e-01
480             	-9.79273861e-03	3.00305760e-02	2.86373907e-01	1.33394215e-01	1.52979692e-01
481             	-9.79607035e-03	3.00306585e-02	2.86370785e-01	1.33389322e-01	1.52981463e-01
482             	-9.79834667e-03	3.00303866e-02	2.86365313e-01	1.33384310e-01	1.52981003e-01
483             	-9.80182234e-03	3.00306311e-02	2.86362935e-01	1.33379645e-01	1.52983290e-01
484             	-9.80420504e-03	3.00304575e-02	2.86357976e-01	1.33374783e-01	1.52983193e-01
485             	-9.80789014e-03	3.00307355e-02	2.86355568e-01	1.33369894e-01	1.52985674e-01
486             	-9.81028957e-03	3.00305001e-02	2.86350352e-01	1.33364886e-01	1.52985465e-01
487             	-9.81373912e-03	3.00307077e-02	2.86348632e-01	1.33360577e-01	1.52988055e-01
488             	-9.81591662e-03	3.00303875e-02	2.86343925e-01	1.33356046e-01	1.52987879e-01
489             	-9.81934206e-03	3.00305035e-02	2.86342149e-01	1.33351732e-01	1.52990416e-01
490             	-9.82153819e-03	3.00300423e-02	2.86336838e-01	1.33346881e-01	1.52989957e-01
491             	-9.82494652e-03	3.00300643e-02	2.86335338e-01	1.33342723e-01	1.52992616e-01
492             	-9.82713952e-03	3.00295222e-02	2.86330406e-01	1.33338063e-01	1.52992342e-01
493             	-9.83065161e-03	3.00295377e-02	2.86329407e-01	1.33334052e-01	1.52995355e-01
494             	-9.83288728e-03	3.00290787e-02	2.86325346e-01	1.33329786e-01	1.52995560e-01
495             	-9.83657546e-03	3.00291890e-02	2.86324589e-01	1.33325719e-01	1.52998870e-01
496             	-9.83884245e-03	3.00288039e-02	2.86320595e-01	1.33321455e-01	1.52999140e-01
497             	-9.84246754e-03	3.00289719e-02	2.86320025e-01	1.33317545e-01	1.53002480e-01
498             	-9.84456110e-03	3.00286108e-02	2.86316253e-01	1.33313565e-01	1.53002687e-01
499             	-9.84807206e-03	3.00288162e-02	2.86316117e-01	1.33309987e-01	1.53006131e-01
500             	-9.85004965e-03	3.00284932e-02	2.86312702e-01	1.33306301e-01	1.53006401e-01
501             	-9.85353469e-03	3.00287788e-02	2.86312958e-01	1.33302944e-01	1.53010014e-01
502             	-9.85548687e-03	3.00285770e-02	2.86309858e-01	1.33299442e-01	1.53010416e-01
503             	-9.85902149e-03	3.00290513e-02	2.86310544e-01	1.33296250e-01	1.53014293e-01
504             	-9.86097377e-03	3.00290381e-02	2.86307796e-01	1.33292924e-01	1.53014872e-01
505             	-9.86448564e-03	3.00296907e-02	2.86308902e-01	1.33289965e-01	1.53018936e-01
506             	-9.86626344e-03	3.00297835e-02	2.86306412e-01	1.33286943e-01	1.53019469e-01
507             	-9.86952043e-03	3.00304737e-02	2.86307709e-01	1.33284334e-01	1.53023375e-01
508             	-9.87097122e-03	3.00305630e-02	2.86305221e-01	1.33281639e-01	1.53023582e-01
509             	-9.87393596e-03	3.00312653e-02	2.86306456e-01	1.33279292e-01	1.53027164e-01
510             	-9.87503985e-03	3.00313643e-02	2.86303698e-01	1.33276809e-01	1.53026889e-01
511             	-9.87761091e-03	3.00320767e-02	2.86304496e-01	1.33274637e-01	1.53029859e-01
512             	-9.87815869e-03	3.00321344e-02	2.86300943e-01	1.33272313e-01	1.53028630e-01
513             	-9.88008291e-03	3.00327804e-02	2.86300636e-01	1.33270235e-01	1.53030401e-01
514             	-9.87976744e-03	3.00325621e-02	2.86295204e-01	1.33267835e-01	1.53027369e-01
515             	-9.88074545e-03	3.00328484e-02	2.86292856e-01	1.33265683e-01	1.53027173e-01
516             	-9.87927954e-03	3.00322158e-02	2.86285078e-01	1.33263259e-01	1.53021818e-01
517             	-9.87893639e-03	3.00320496e-02	2.86280370e-01	1.33261248e-01	1.53019121e-01
518             	-9.87612029e-03	3.00310809e-02	2.86270800e-01	1.33259280e-01	1.53011520e-01
519             	-9.87441298e-03	3.00305838e-02	2.86264115e-01	1.33257645e-01	1.53006471e-01
520             	-9.87026225e-03	3.00291796e-02	2.86252270e-01	1.33255873e-01	1.52996397e-01
521             	-9.86732762e-03	3.00280710e-02	2.86243146e-01	1.33254245e-01	1.52988900e-01
522             	-9.86201113e-03	3.00259036e-02	2.86227991e-01	1.33251984e-01	1.52976006e-01
523             	-9.85855053e-03	3.00242895e-02	2.86216555e-01	1.33249727e-01	1.52966828e-01
524             	-9.85351940e-03	3.00220734e-02	2.86201006e-01	1.33246983e-01	1.52954022e-01
525             	-9.85097835e-03	3.00208044e-02	2.86191066e-01	1.33244555e-01	1.52946511e-01
526             	-9.84691269e-03	3.00190514e-02	2.86176628e-01	1.33241401e-01	1.52935227e-01
527             	-9.84536384e-03	3.00182705e-02	2.86168243e-01	1.33238758e-01	1.52929486e-01
528             	-9.84247277e-03	3.00170134e-02	2.86156878e-01	1.33235966e-01	1.52920912e-01
529             	-9.84191098e-03	3.00165163e-02	2.86150820e-01	1.33233499e-01	1.52917321e-01
530             	-9.84014767e-03	3.00154847e-02	2.86142144e-01	1.33230924e-01	1.52911220e-01
531             	-9.84095720e-03	3.00152437e-02	2.86139160e-01	1.33228623e-01	1.52910537e-01
532             	-9.84080394e-03	3.00145526e-02	2.86133910e-01	1.33226151e-01	1.52907759e-01
533             	-9.84341915e-03	3.00147552e-02	2.86134665e-01	1.33223913e-01	1.52910752e-01
534             	-9.84506421e-03	3.00145647e-02	2.86133277e-01	1.33221574e-01	1.52911703e-01
535             	-9.84934190e-03	3.00152874e-02	2.86137911e-01	1.33219613e-01	1.52918297e-01
536             	-9.85233823e-03	3.00155657e-02	2.86140081e-01	1.33217702e-01	1.52922379e-01
537             	-9.85769972e-03	3.00166813e-02	2.86147951e-01	1.33216276e-01	1.52931675e-01
538             	-9.86131241e-03	3.00172133e-02	2.86152357e-01	1.33214866e-01	1.52937491e-01
539             	-9.86728046e-03	3.00185417e-02	2.86162218e-01	1.33213828e-01	1.52948389e-01
540             	-9.87182629e-03	3.00193476e-02	2.86169254e-01	1.33212801e-01	1.52956453e-01
541             	-9.87903198e-03	3.00210271e-02	2.86182633e-01	1.33212284e-01	1.52970348e-01
542             	-9.88415899e-03	3.00220195e-02	2.86191639e-01	1.33211661e-01	1.52979979e-01
543             	-9.89108570e-03	3.00236899e-02	2.86204986e-01	1.33211407e-01	1.52993579e-01
544             	-9.89581694e-03	3.00246369e-02	2.86213659e-01	1.33211012e-01	1.53002646e-01
545             	-9.90255406e-03	3.00262796e-02	2.86227084e-01	1.33210988e-01	1.53016096e-01
546             	-9.90732005e-03	3.00272115e-02	2.86236341e-01	1.33210850e-01	1.53025490e-01
547             	-9.91422009e-03	3.00288407e-02	2.86250652e-01	1.33211106e-01	1.53039546e-01
548             	-9.91906464e-03	3.00297235e-02	2.86260594e-01	1.33211232e-01	1.53049362e-01
549             	-9.92585574e-03	3.00312475e-02	2.86275177e-01	1.33211733e-01	1.53063444e-01
550             	-9.93031436e-03	3.00319402e-02	2.86284718e-01	1.33212045e-01	1.53072673e-01
551             	-9.93653728e-03	3.00332246e-02	2.86298421e-01	1.33212673e-01	1.53085748e-01
552             	-9.94036050e-03	3.00336717e-02	2.86306861e-01	1.33213070e-01	1.53093791e-01
553             	-9.94600580e-03	3.00347462e-02	2.86319542e-01	1.33213765e-01	1.53105777e-01
554             	-9.94934387e-03	3.00350311e-02	2.86327131e-01	1.33214221e-01	1.53112909e-01
555             	-9.95457884e-03	3.00359827e-02	2.86339117e-01	1.33214980e-01	1.53124137e-01
556             	-9.95748770e-03	3.00361566e-02	2.86345994e-01	1.33215509e-01	1.53130485e-01
557             	-9.96220366e-03	3.00369897e-02	2.86357118e-01	1.33216355e-01	1.53140763e-01
558             	-9.96447215e-03	3.00370294e-02	2.86362886e-01	1.33216971e-01	1.53145915e-01
559             	-9.96846526e-03	3.00377209e-02	2.86372647e-01	1.33217858e-01	1.53154789e-01
560             	-9.97006652e-03	3.00376345e-02	2.86376986e-01	1.33218426e-01	1.53158559e-01
561             	-9.97350055e-03	3.00382163e-02	2.86385324e-01	1.33219161e-01	1.53166162e-01
562             	-9.97464476e-03	3.00380383e-02	2.86388381e-01	1.33219546e-01	1.53168835e-01
563             	-9.97767822e-03	3.00385415e-02	2.86395484e-01	1.33220064e-01	1.53175420e-01
564             	-9.97848360e-03	3.00383031e-02	2.86397463e-01	1.33220248e-01	1.53177215e-01
565             	-9.98117211e-03	3.00387529e-02	2.86403452e-01	1.33220554e-01	1.53182898e-01
566             	-9.98171896e-03	3.00385110e-02	2.86404571e-01	1.33220567e-01	1.53184005e-01
567             	-9.98413447e-03	3.00389636e-02	2.86409684e-01	1.33220707e-01	1.53188976e-01
568             	-9.98442939e-03	3.00387183e-02	2.86410052e-01	1.33220597e-01	1.53189456e-01
569             	-9.98654000e-03	3.00391437e-02	2.86414182e-01	1.33220551e-01	1.53193631e-01
570             	-9.98651315e-03	3.00388523e-02	2.86413463e-01	1.33220219e-01	1.53193245e-01
571             	-9.98820826e-03	3.00391602e-02	2.86416239e-01	1.33219911e-01	1.53196328e-01
572             	-9.98771714e-03	3.00387233e-02	2.86414054e-01	1.33219310e-01	1.53194744e-01
573             	-9.98892447e-03	3.00388953e-02	2.86415377e-01	1.33218764e-01	1.53196613e-01
574             	-9.98792445e-03	3.00383259e-02	2.86411857e-01	1.33218004e-01	1.53193853e-01
575             	-9.98863438e-03	3.00383954e-02	2.86412049e-01	1.33217390e-01	1.53194659e-01
576             	-9.98719456e-03	3.00377664e-02	2.86407596e-01	1.33216603e-01	1.53190992e-01
577             	-9.98758080e-03	3.00378215e-02	2.86407006e-01	1.33215922e-01	1.53191084e-01
578             	-9.98593478e-03	3.00372155e-02	2.86401888e-01	1.33215009e-01	1.53186879e-01
579             	-9.98617894e-03	3.00372957e-02	2.86400743e-01	1.33214193e-01	1.53186551e-01
580             	-9.98441190e-03	3.00366826e-02	2.86395182e-01	1.33213179e-01	1.53182003e-01
581             	-9.98450009e-03	3.00367023e-02	2.86393731e-01	1.33212365e-01	1.53181366e-01
582             	-9.98250141e-03	3.00359672e-02	2.86387961e-01	1.33211479e-01	1.53176482e-01
583             	-9.98230130e-03	3.00358147e-02	2.86386316e-01	1.33210857e-01	1.53175459e-01
584             	-9.98000750e-03	3.00348878e-02	2.86380250e-01	1.33210118e-01	1.53170133e-01
585             	-9.97959109e-03	3.00345652e-02	2.86378226e-01	1.33209522e-01	1.53168704e-01
586             	-9.97719567e-03	3.00335209e-02	2.86371695e-01	1.33208652e-01	1.53163043e-01
587             	-9.97681731e-03	3.00331649e-02	2.86369352e-01	1.33207859e-01	1.53161493e-01
588             	-9.97455436e-03	3.00321720e-02	2.86362755e-01	1.33206823e-01	1.53155932e-01
589             	-9.97439397e-03	3.00319496e-02	2.86360686e-01	1.33205949e-01	1.53154737e-01
590             	-9.97238395e-03	3.00311387e-02	2.86354606e-01	1.33204919e-01	1.53149687e-01
591             	-9.97248294e-03	3.00311064e-02	2.86353145e-01	1.33204089e-01	1.53149055e-01
592             	-9.97071380e-03	3.00304576e-02	2.86347608e-01	1.33203090e-01	1.53144518e-01
593             	-9.97098400e-03	3.00305389e-02	2.86346459e-01	1.33202246e-01	1.53144214e-01
594             	-9.96928948e-03	3.00299506e-02	2.86340679e-01	1.33201050e-01	1.53139629e-01
595             	-9.96971755e-03	3.00301086e-02	2.86339790e-01	1.33200177e-01	1.53139612e-01
596             	-9.96827262e-03	3.00296337e-02	2.86334721e-01	1.33199088e-01	1.53135633e-01
597             	-9.96888419e-03	3.00298732e-02	2.86334018e-01	1.33198125e-01	1.53135893e-01
598             	-9.96756954e-03	3.00294257e-02	2.86328730e-01	1.33196795e-01	1.53131934e-01
599             	-9.96839533e-03	3.00297289e-02	2.86328437e-01	1.33195823e-01	1.53132614e-01
600             	-9.96732713e-03	3.00293562e-02	2.86323616e-01	1.33194481e-01	1.53129135e-01
601             	-9.96839396e-03	3.00297373e-02	2.86323710e-01	1.33193461e-01	1.53130249e-01
602             	-9.96759196e-03	3.00294913e-02	2.86319598e-01	1.33192207e-01	1.53127391e-01
603             	-9.96885527e-03	3.00299988e-02	2.86319898e-01	1.33191094e-01	1.53128804e-01
604             	-9.96817718e-03	3.00298747e-02	2.86316000e-01	1.33189823e-01	1.53126177e-01
605             	-9.96949036e-03	3.00304734e-02	2.86316613e-01	1.33188816e-01	1.53127797e-01
606             	-9.96880798e-03	3.00303857e-02	2.86313126e-01	1.33187755e-01	1.53125371e-01
607             	-9.97010098e-03	3.00309676e-02	2.86314203e-01	1.33187001e-01	1.53127203e-01
608             	-9.96941479e-03	3.00308315e-02	2.86311174e-01	1.33186172e-01	1.53125002e-01
609             	-9.97070194e-03	3.00313519e-02	2.86312658e-01	1.33185627e-01	1.53127031e-01
610             	-9.96997874e-03	3.00311671e-02	2.86309915e-01	1.33184979e-01	1.53124936e-01
611             	-9.97125024e-03	3.00316801e-02	2.86311682e-01	1.33184591e-01	1.53127091e-01
612             	-9.97051106e-03	3.00314919e-02	2.86309164e-01	1.33184071e-01	1.53125093e-01
613             	-9.97177172e-03	3.00320026e-02	2.86311222e-01	1.33183839e-01	1.53127383e-01
614             	-9.97098063e-03	3.00318019e-02	2.86309009e-01	1.33183524e-01	1.53125485e-01
615             	-9.97212923e-03	3.00322714e-02	2.86311311e-01	1.33183526e-01	1.53127785e-01
616             	-9.97114325e-03	3.00320028e-02	2.86309156e-01	1.33183435e-01	1.53125721e-01
617             	-9.97202707e-03	3.00324054e-02	2.86311369e-01	1.33183658e-01	1.53127712e-01
618             	-9.97069282e-03	3.00320803e-02	2.86308960e-01	1.33183787e-01	1.53125173e-01
619             	-9.97113721e-03	3.00324431e-02	2.86310652e-01	1.33184189e-01	1.53126463e-01
620             	-9.96927194e-03	3.00320764e-02	2.86307344e-01	1.33184400e-01	1.53122944e-01
621             	-9.96922048e-03	3.00323960e-02	2.86307723e-01	1.33184641e-01	1.53123082e-01
622             	-9.96675259e-03	3.00318983e-02	2.86302929e-01	1.33184712e-01	1.53118217e-01
623             	-9.96567612e-03	3.00319205e-02	2.86301274e-01	1.33184961e-01	1.53116313e-01
624             	-9.96183866e-03	3.00310462e-02	2.86293699e-01	1.33185011e-01	1.53108688e-01
625             	-9.95980642e-03	3.00309019e-02	2.86289905e-01	1.33185146e-01	1.53104759e-01
626             	-9.95489763e-03	3.00298233e-02	2.86280349e-01	1.33185277e-01	1.53095072e-01
627             	-9.95153656e-03	3.00293781e-02	2.86274134e-01	1.33185531e-01	1.53088604e-01
628             	-9.94569567e-03	3.00281127e-02	2.86262485e-01	1.33185547e-01	1.53076938e-01
629             	-9.94138309e-03	3.00273221e-02	2.86254260e-01	1.33185747e-01	1.53068513e-01
630             	-9.93473474e-03	3.00256393e-02	2.86240526e-01	1.33185528e-01	1.53054998e-01
631             	-9.93000191e-03	3.00245585e-02	2.86230290e-01	1.33185143e-01	1.53045147e-01
632             	-9.92312156e-03	3.00226490e-02	2.86214315e-01	1.33184036e-01	1.53030279e-01
633             	-9.91902833e-03	3.00216852e-02	2.86204357e-01	1.33183150e-01	1.53021207e-01
634             	-9.91322471e-03	3.00201579e-02	2.86189822e-01	1.33181686e-01	1.53008136e-01
635             	-9.91033588e-03	3.00196822e-02	2.86181888e-01	1.33180608e-01	1.53001280e-01
636             	-9.90580752e-03	3.00186531e-02	2.86170057e-01	1.33179221e-01	1.52990836e-01
637             	-9.90412705e-03	3.00185225e-02	2.86164906e-01	1.33178326e-01	1.52986580e-01
638             	-9.90104386e-03	3.00177706e-02	2.86156783e-01	1.33177348e-01	1.52979435e-01
639             	-9.90061248e-03	3.00177741e-02	2.86154440e-01	1.33176608e-01	1.52977833e-01
640             	-9.89887621e-03	3.00171551e-02	2.86149155e-01	1.33175701e-01	1.52973454e-01
641             	-9.89991248e-03	3.00173377e-02	2.86149847e-01	1.33175011e-01	1.52974836e-01
642             	-9.89976215e-03	3.00169744e-02	2.86147939e-01	1.33174207e-01	1.52973732e-01
643             	-9.90242209e-03	3.00174912e-02	2.86152311e-01	1.33173733e-01	1.52978577e-01
644             	-9.90372759e-03	3.00174694e-02	2.86154001e-01	1.33173273e-01	1.52980728e-01
645             	-9.90760303e-03	3.00182926e-02	2.86161789e-01	1.33173291e-01	1.52988497e-01
646             	-9.90971345e-03	3.00184798e-02	2.86165980e-01	1.33173276e-01	1.52992703e-01
647             	-9.91451391e-03	3.00195533e-02	2.86176757e-01	1.33173865e-01	1.53002893e-01
648             	-9.91731625e-03	3.00199243e-02	2.86183143e-01	1.33174255e-01	1.53008888e-01
649             	-9.92280405e-03	3.00211777e-02	2.86196046e-01	1.33175219e-01	1.53020827e-01
650             	-9.92630516e-03	3.00217435e-02	2.86204598e-01	1.33175994e-01	1.53028604e-01
651             	-9.93192731e-03	3.00230664e-02	2.86217966e-01	1.33177056e-01	1.53040910e-01
652             	-9.93540763e-03	3.00236806e-02	2.86226580e-01	1.33177882e-01	1.53048697e-01
653             	-9.94104682e-03	3.00250664e-02	2.86240114e-01	1.33179010e-01	1.53061104e-01
654             	-9.94462444e-03	3.00257628e-02	2.86249146e-01	1.33179949e-01	1.53069198e-01
655             	-9.95039667e-03	3.00272494e-02	2.86263293e-01	1.33181250e-01	1.53082043e-01
656             	-9.95405979e-03	3.00280475e-02	2.86272876e-01	1.33182378e-01	1.53090498e-01
657             	-9.95980583e-03	3.00296051e-02	2.86287309e-01	1.33183849e-01	1.53103461e-01
658             	-9.96326956e-03	3.00304154e-02	2.86296693e-01	1.33185077e-01	1.53111616e-01
659             	-9.96867054e-03	3.00319306e-02	2.86310486e-01	1.33186573e-01	1.53123914e-01
660             	-9.97170433e-03	3.00326565e-02	2.86318906e-01	1.33187749e-01	1.53131157e-01
661             	-9.97664004e-03	3.00340667e-02	2.86331619e-01	1.33189169e-01	1.53142449e-01
662             	-9.97921530e-03	3.00346977e-02	2.86339072e-01	1.33190321e-01	1.53148751e-01
663             	-9.98372762e-03	3.00360319e-02	2.86351021e-01	1.33191783e-01	1.53159238e-01
664             	-9.98589810e-03	3.00365913e-02	2.86357829e-01	1.33193016e-01	1.53164812e-01
665             	-9.98996057e-03	3.00378284e-02	2.86369049e-01	1.33194564e-01	1.53174485e-01
666             	-9.99162643e-03	3.00382483e-02	2.86374970e-01	1.33195858e-01	1.53179111e-01
667             	-9.99510743e-03	3.00392926e-02	2.86385053e-01	1.33197419e-01	1.53187634e-01
668             	-9.99615545e-03	3.00394788e-02	2.86389644e-01	1.33198666e-01	1.53190977e-01
669             	-9.99901753e-03	3.00402549e-02	2.86398266e-01	1.33200115e-01	1.53198150e-01
670             	-9.99950347e-03	3.00401645e-02	2.86401439e-01	1.33201216e-01	1.53200223e-01
671             	-1.00018540e-02	3.00406804e-02	2.86408660e-01	1.33202476e-01	1.53206184e-01
672             	-1.00019528e-02	3.00403834e-02	2.86410702e-01	1.33203398e-01	1.53207304e-01
673             	-1.00039469e-02	3.00407140e-02	2.86416815e-01	1.33204461e-01	1.53212354e-01
674             	-1.00037727e-02	3.00402784e-02	2.86418019e-01	1.33205237e-01	1.53212782e-01
675             	-1.00054567e-02	3.00404817e-02	2.86423250e-01	1.33206168e-01	1.53217082e-01
676             	-1.00049652e-02	3.00399305e-02	2.86423653e-01	1.33206861e-01	1.53216792e-01
677             	-1.00062772e-02	3.00400206e-02	2.86427799e-01	1.33207622e-01	1.53220177e-01
678             	-1.00054290e-02	3.00393846e-02	2.86427062e-01	1.33208102e-01	1.53218960e-01
679             	-1.00063174e-02	3.00393573e-02	2.86429888e-01	1.33208627e-01	1.53221262e-01
680             	-1.00049885e-02	3.00385795e-02	2.86427714e-01	1.33208868e-01	1.53218845e-01
681             	-1.00053959e-02	3.00384476e-02	2.86429054e-01	1.33209131e-01	1.53219923e-01
682             	-1.00036351e-02	3.00376028e-02	2.86425480e-01	1.33209105e-01	1.53216375e-01
683             	-1.00036769e-02	3.00374311e-02	2.86425589e-01	1.33209118e-01	1.53216471e-01
684             	-1.00016548e-02	3.00366030e-02	2.86420963e-01	1.33208827e-01	1.53212136e-01
685             	-1.00015597e-02	3.00365241e-02	2.86420234e-01	1.33208557e-01	1.53211677e-01
686             	-9.99947375e-03	3.00358550e-02	2.86415000e-01	1.33208026e-01	1.53206974e-01
687             	-9.99931906e-03	3.00359489e-02	2.86413852e-01	1.33207607e-01	1.53206245e-01
688             	-9.99716103e-03	3.00354281e-02	2.86408294e-01	1.33206986e-01	1.53201308e-01
689             	-9.99692399e-03	3.00356263e-02	2.86406844e-01	1.33206498e-01	1.53200346e-01
690             	-9.99465464e-03	3.00351393e-02	2.86400985e-01	1.33205838e-01	1.53195147e-01
691             	-9.99426532e-03	3.00352943e-02	2.86399223e-01	1.33205346e-01	1.53193877e-01
692             	-9.99181808e-03	3.00347196e-02	2.86393046e-01	1.33204705e-01	1.53188341e-01
693             	-9.99128278e-03	3.00347870e-02	2.86391018e-01	1.33204226e-01	1.53186792e-01
694             	-9.98875718e-03	3.00341489e-02	2.86384574e-01	1.33203530e-01	1.53181044e-01
695             	-9.98824432e-03	3.00341969e-02	2.86382410e-01	1.33202961e-01	1.53179449e-01
696             	-9.98579218e-03	3.00335716e-02	2.86375977e-01	1.33202196e-01	1.53173780e-01
697             	-9.98539271e-03	3.00336608e-02	2.86374045e-01	1.33201630e-01	1.53172415e-01
698             	-9.98306905e-03	3.00330848e-02	2.86367978e-01	1.33200920e-01	1.53167058e-01
699             	-9.98283026e-03	3.00332110e-02	2.86366496e-01	1.33200418e-01	1.53166078e-01
700             	-9.98070862e-03	3.00326334e-02	2.86360899e-01	1.33199741e-01	1.53161158e-01
701             	-9.98067024e-03	3.00327155e-02	2.86359776e-01	1.33199218e-01	1.53160558e-01
702             	-9.97867394e-03	3.00320569e-02	2.86354087e-01	1.33198369e-01	1.53155717e-01
703             	-9.97882312e-03	3.00320814e-02	2.86353368e-01	1.33197861e-01	1.53155507e-01
704             	-9.97700620e-03	3.00313759e-02	2.86348077e-01	1.33197032e-01	1.53151045e-01
705             	-9.97730730e-03	3.00313616e-02	2.86347707e-01	1.33196546e-01	1.53151161e-01
706             	-9.97560771e-03	3.00305972e-02	2.86342652e-01	1.33195719e-01	1.53146934e-01
707             	-9.97604433e-03	3.00305571e-02	2.86342509e-01	1.33195210e-01	1.53147299e-01
708             	-9.97452568e-03	3.00298197e-02	2.86337688e-01	1.33194319e-01	1.53143370e-01
709             	-9.97515886e-03	3.00298348e-02	2.86337768e-01	1.33193725e-01	1.53144043e-01
710             	-9.97390394e-03	3.00292142e-02	2.86333572e-01	1.33192882e-01	1.53140690e-01
711             	-9.97472909e-03	3.00293603e-02	2.86333773e-01	1.33192157e-01	1.53141616e-01
712             	-9.97362761e-03	3.00289005e-02	2.86329735e-01	1.33191240e-01	1.53138495e-01
713             	-9.97455496e-03	3.00292148e-02	2.86330200e-01	1.33190545e-01	1.53139655e-01
714             	-9.97350582e-03	3.00289056e-02	2.86326516e-01	1.33189752e-01	1.53136764e-01
715             	-9.97447578e-03	3.00293518e-02	2.86327393e-01	1.33189221e-01	1.53138172e-01
716             	-9.97351082e-03	3.00291757e-02	2.86324168e-01	1.33188573e-01	1.53135595e-01
717             	-9.97463350e-03	3.00297625e-02	2.86325564e-01	1.33188149e-01	1.53137416e-01
718             	-9.97383140e-03	3.00297271e-02	2.86322773e-01	1.33187555e-01	1.53135218e-01
719             	-9.97512952e-03	3.00304592e-02	2.86324554e-01	1.33187148e-01	1.53137407e-01
720             	-9.97444757e-03	3.00305223e-02	2.86321966e-01	1.33186536e-01	1.53135431e-01
721             	-9.97579172e-03	3.00313093e-02	2.86323920e-01	1.33186168e-01	1.53137752e-01
722             	-9.97507705e-03	3.00314199e-02	2.86321571e-01	1.33185708e-01	1.53135862e-01
723             	-9.97632693e-03	3.00322508e-02	2.86323797e-01	1.33185571e-01	1.53138225e-01
724             	-9.97545228e-03	3.00323753e-02	2.86321612e-01	1.33185354e-01	1.53136258e-01
725             	-9.97648264e-03	3.00331843e-02	2.86323875e-01	1.33185455e-01	1.53138420e-01
726             	-9.97529436e-03	3.00332430e-02	2.86321577e-01	1.33185494e-01	1.53136083e-01
727             	-9.97587297e-03	3.00339394e-02	2.86323423e-01	1.33185839e-01	1.53137585e-01
728             	-9.97408765e-03	3.00338341e-02	2.86320217e-01	1.33186021e-01	1.53134196e-01
729             	-9.97407925e-03	3.00343422e-02	2.86320725e-01	1.33186283e-01	1.53134442e-01
730             	-9.97158446e-03	3.00339559e-02	2.86316096e-01	1.33186463e-01	1.53129632e-01
731             	-9.97043391e-03	3.00340316e-02	2.86314697e-01	1.33186915e-01	1.53127782e-01
732             	-9.96645693e-03	3.00331603e-02	2.86307474e-01	1.33187280e-01	1.53120194e-01
733             	-9.96428410e-03	3.00329604e-02	2.86303988e-01	1.33187710e-01	1.53116278e-01
734             	-9.95923543e-03	3.00317277e-02	2.86294608e-01	1.33188069e-01	1.53106539e-01
735             	-9.95575514e-03	3.00310235e-02	2.86288549e-01	1.33188519e-01	1.53100030e-01
736             	-9.94983880e-03	3.00294440e-02	2.86277060e-01	1.33188691e-01	1.53088369e-01
737             	-9.94552689e-03	3.00283554e-02	2.86269110e-01	1.33189028e-01	1.53080082e-01
738             	-9.93882094e-03	3.00263629e-02	2.86255817e-01	1.33189088e-01	1.53066730e-01
739             	-9.93400076e-03	3.00250345e-02	2.86246029e-01	1.33189014e-01	1.53057015e-01
740             	-9.92694365e-03	3.00228911e-02	2.86230398e-01	1.33188256e-01	1.53042143e-01
741             	-9.92258356e-03	3.00216499e-02	2.86220597e-01	1.33187715e-01	1.53032882e-01
742             	-9.91637617e-03	3.00197435e-02	2.86205996e-01	1.33186622e-01	1.53019374e-01
743             	-9.91308301e-03	3.00188762e-02	2.86197787e-01	1.33185810e-01	1.53011976e-01
744             	-9.90813487e-03	3.00174816e-02	2.86185336e-01	1.33184533e-01	1.53000803e-01
745             	-9.90612512e-03	3.00171010e-02	2.86179514e-01	1.33183632e-01	1.52995882e-01
746             	-9.90277738e-03	3.00162347e-02	2.86170691e-01	1.33182568e-01	1.52988123e-01
747             	-9.90216082e-03	3.00162625e-02	2.86167749e-01	1.33181714e-01	1.52986035e-01
748             	-9.90026910e-03	3.00157780e-02	2.86161950e-01	1.33180706e-01	1.52981244e-01
749             	-9.90114291e-03	3.00161644e-02	2.86162154e-01	1.33179934e-01	1.52982220e-01
750             	-9.90080708e-03	3.00160364e-02	2.86159721e-01	1.33179053e-01	1.52980668e-01
751             	-9.90330412e-03	3.00168103e-02	2.86163507e-01	1.33178450e-01	1.52985058e-01
752             	-9.90451117e-03	3.00170733e-02	2.86164579e-01	1.33177778e-01	1.52986801e-01
753             	-9.90839296e-03	3.00182149e-02	2.86171772e-01	1.33177493e-01	1.52994279e-01
754             	-9.91059325e-03	3.00187380e-02	2.86175456e-01	1.33177135e-01	1.52998321e-01
755             	-9.91555814e-03	3.00201760e-02	2.86185832e-01	1.33177358e-01	1.53008474e-01
756             	-9.91852295e-03	3.00208936e-02	2.86191917e-01	1.33177435e-01	1.53014481e-01
757             	-9.92413549e-03	3.00224677e-02	2.86204588e-01	1.33178158e-01	1.53026429e-01
758             	-9.92771464e-03	3.00232907e-02	2.86213004e-01	1.33178787e-01	1.53034216e-01
759             	-9.93336453e-03	3.00247885e-02	2.86226301e-01	1.33179786e-01	1.53046515e-01
760             	-9.93682949e-03	3.00254868e-02	2.86234870e-01	1.33180606e-01	1.53054265e-01
761             	-9.94240816e-03	3.00268683e-02	2.86248344e-01	1.33181764e-01	1.53066580e-01
762             	-9.94589553e-03	3.00274911e-02	2.86257293e-01	1.33182751e-01	1.53074542e-01
763             	-9.95154254e-03	3.00288369e-02	2.86271315e-01	1.33184115e-01	1.53087200e-01
764             	-9.95504586e-03	3.00294290e-02	2.86280757e-01	1.33185333e-01	1.53095424e-01
765             	-9.96059805e-03	3.00307267e-02	2.86295060e-01	1.33186932e-01	1.53108128e-01
766             	-9.96384484e-03	3.00312425e-02	2.86304392e-01	1.33188351e-01	1.53116041e-01
767             	-9.96900353e-03	3.00324367e-02	2.86318211e-01	1.33190102e-01	1.53128109e-01
768             	-9.97177184e-03	3.00328285e-02	2.86326727e-01	1.33191592e-01	1.53135135e-01
769             	-9.97644513e-03	3.00338978e-02	2.86339549e-01	1.33193329e-01	1.53146220e-01
770             	-9.97878773e-03	3.00341883e-02	2.86347072e-01	1.33194748e-01	1.53152324e-01
771             	-9.98312785e-03	3.00351909e-02	2.86359034e-01	1.33196389e-01	1.53162645e-01
772             	-9.98517532e-03	3.00354379e-02	2.86365792e-01	1.33197721e-01	1.53168071e-01
773             	-9.98914596e-03	3.00363943e-02	2.86376904e-01	1.33199306e-01	1.53177598e-01
774             	-9.99074449e-03	3.00365857e-02	2.86382692e-01	1.33200601e-01	1.53182090e-01
775             	-9.99420231e-03	3.00374838e-02	2.86392717e-01	1.33202156e-01	1.53190561e-01
776             	-9.99527179e-03	3.00376229e-02	2.86397319e-01	1.33203388e-01	1.53193931e-01
777             	-9.99822420e-03	3.00384502e-02	2.86406033e-01	1.33204792e-01	1.53201241e-01
778             	-9.99885796e-03	3.00384983e-02	2.86409315e-01	1.33205800e-01	1.53203516e-01
779             	-1.00014123e-02	3.00392318e-02	2.86416660e-01	1.33206918e-01	1.53209742e-01
780             	-1.00017411e-02	3.00392156e-02	2.86418779e-01	1.33207648e-01	1.53211130e-01
781             	-1.00039908e-02	3.00398779e-02	2.86424956e-01	1.33208487e-01	1.53216469e-01
782             	-1.00040795e-02	3.00398078e-02	2.86426215e-01	1.33209028e-01	1.53217187e-01
783             	-1.00060335e-02	3.00404008e-02	2.86431533e-01	1.33209733e-01	1.53221800e-01
784             	-1.00058109e-02	3.00402519e-02	2.86432045e-01	1.33210212e-01	1.53221834e-01
785             	-1.00073982e-02	3.00407508e-02	2.86436365e-01	1.33210784e-01	1.53225581e-01
786             	-1.00068410e-02	3.00405124e-02	2.86435826e-01	1.33211072e-01	1.53224754e-01
787             	-1.00080514e-02	3.00408564e-02	2.86438960e-01	1.33211429e-01	1.53227531e-01
788             	-1.00070497e-02	3.00403866e-02	2.86437189e-01	1.33211545e-01	1.53225644e-01
789             	-1.00077596e-02	3.00404741e-02	2.86438979e-01	1.33211730e-01	1.53227249e-01
790             	-1.00062534e-02	3.00397728e-02	2.86435850e-01	1.33211671e-01	1.53224178e-01
791             	-1.00064820e-02	3.00396548e-02	2.86436329e-01	1.33211682e-01	1.53224646e-01
792             	-1.00045647e-02	3.00387909e-02	2.86431984e-01	1.33211427e-01	1.53220557e-01
793             	-1.00045033e-02	3.00385861e-02	2.86431450e-01	1.33211222e-01	1.53220228e-01
794             	-1.00023868e-02	3.00377011e-02	2.86426365e-01	1.33210796e-01	1.53215569e-01
795             	-1.00021449e-02	3.00375084e-02	2.86425368e-01	1.33210539e-01	1.53214829e-01
796             	-9.99983185e-03	3.00366412e-02	2.86419972e-01	1.33210154e-01	1.53209818e-01
797             	-9.99938836e-03	3.00364583e-02	2.86418629e-01	1.33209926e-01	1.53208703e-01
798             	-9.99688389e-03	3.00355870e-02	2.86412808e-01	1.33209520e-01	1.53203288e-01
799             	-9.99625760e-03	3.00353794e-02	2.86411027e-01	1.33209256e-01	1.53201771e-01
800             	-9.99357215e-03	3.00344645e-02	2.86404784e-01	1.33208820e-01	1.53195964e-01
801             	-9.99279981e-03	3.00342256e-02	2.86402691e-01	1.33208545e-01	1.53194145e-01
802             	-9.99003315e-03	3.00333090e-02	2.86396173e-01	1.33208053e-01	1.53188119e-01
803             	-9.98928459e-03	3.00331090e-02	2.86393922e-01	1.33207676e-01	1.53186246e-01
804             	-9.98663236e-03	3.00322688e-02	2.86387359e-01	1.33207047e-01	1.53180312e-01
805             	-9.98609214e-03	3.00321954e-02	2.86385245e-01	1.33206530e-01	1.53178715e-01
806             	-9.98371085e-03	3.00315339e-02	2.86378962e-01	1.33205770e-01	1.53173192e-01
807             	-9.98347718e-03	3.00316608e-02	2.86377241e-01	1.33205143e-01	1.53172098e-01
808             	-9.98141567e-03	3.00311736e-02	2.86371425e-01	1.33204297e-01	1.53167128e-01
809             	-9.98148841e-03	3.00314304e-02	2.86370154e-01	1.33203589e-01	1.53166566e-01
810             	-9.97970475e-03	3.00310396e-02	2.86364749e-01	1.33202670e-01	1.53162079e-01
811             	-9.98001470e-03	3.00313629e-02	2.86363785e-01	1.33201878e-01	1.53161907e-01
812             	-9.97839083e-03	3.00310031e-02	2.86358285e-01	1.33200751e-01	1.53157533e-01
813             	-9.97891320e-03	3.00313507e-02	2.86357757e-01	1.33199965e-01	1.53157792e-01
814             	-9.97747210e-03	3.00309721e-02	2.86352673e-01	1.33198865e-01	1.53153809e-01
815             	-9.97817936e-03	3.00313133e-02	2.86352559e-01	1.33198100e-01	1.53154459e-01
816             	-9.97699485e-03	3.00309920e-02	2.86348234e-01	1.33197122e-01	1.53151112e-01
817             	-9.97786801e-03	3.00313671e-02	2.86348290e-01	1.33196277e-01	1.53152013e-01
818             	-9.97679014e-03	3.00310355e-02	2.86344057e-01	1.33195239e-01	1.53148819e-01
819             	-9.97771751e-03	3.00313763e-02	2.86344264e-01	1.33194415e-01	1.53149850e-01
820             	-9.97665150e-03	3.00310139e-02	2.86340269e-01	1.33193483e-01	1.53146786e-01
821             	-9.97758520e-03	3.00313405e-02	2.86340804e-01	1.33192817e-01	1.53147987e-01
822             	-9.97653902e-03	3.00309754e-02	2.86337208e-01	1.33192065e-01	1.53145143e-01
823             	-9.97751689e-03	3.00312969e-02	2.86338150e-01	1.33191558e-01	1.53146592e-01
824             	-9.97654119e-03	3.00309232e-02	2.86334935e-01	1.33190926e-01	1.53144009e-01
825             	-9.97761645e-03	3.00312567e-02	2.86336327e-01	1.33190547e-01	1.53145780e-01
826             	-9.97670180e-03	3.00309167e-02	2.86333513e-01	1.33190055e-01	1.53143458e-01
827             	-9.97780216e-03	3.00312958e-02	2.86335242e-01	1.33189819e-01	1.53145423e-01
828             	-9.97684690e-03	3.00309711e-02	2.86332580e-01	1.33189443e-01	1.53143137e-01
829             	-9.97788301e-03	3.00313495e-02	2.86334430e-01	1.33189332e-01	1.53145098e-01
830             	-9.97685505e-03	3.00310525e-02	2.86331957e-01	1.33189123e-01	1.53142834e-01
831             	-9.97783669e-03	3.00315192e-02	2.86334059e-01	1.33189193e-01	1.53144866e-01
832             	-9.97673163e-03	3.00313274e-02	2.86331720e-01	1.33189129e-01	1.53142592e-01
833             	-9.97756010e-03	3.00318642e-02	2.86333783e-01	1.33189331e-01	1.53144451e-01
834             	-9.97619006e-03	3.00316962e-02	2.86331225e-01	1.33189422e-01	1.53141803e-01
835             	-9.97661024e-03	3.00322277e-02	2.86332814e-01	1.33189797e-01	1.53143017e-01
836             	-9.97471567e-03	3.00320406e-02	2.86329351e-01	1.33189960e-01	1.53139391e-01
837             	-9.97464916e-03	3.00325603e-02	2.86329666e-01	1.33190184e-01	1.53139482e-01
838             	-9.97199280e-03	3.00322139e-02	2.86324675e-01	1.33190345e-01	1.53134330e-01
839             	-9.97111961e-03	3.00325571e-02	2.86323547e-01	1.33190654e-01	1.53132893e-01
840             	-9.96756679e-03	3.00320612e-02	2.86316910e-01	1.33190888e-01	1.53126022e-01
841             	-9.96579632e-03	3.00322533e-02	2.86313844e-01	1.33191126e-01	1.53122718e-01
842             	-9.96117987e-03	3.00314226e-02	2.86304726e-01	1.33191183e-01	1.53113543e-01
843             	-9.95809997e-03	3.00310884e-02	2.86298823e-01	1.33191312e-01	1.53107512e-01
844             	-9.95255429e-03	3.00298385e-02	2.86287455e-01	1.33191173e-01	1.53096282e-01
845             	-9.94866325e-03	3.00291247e-02	2.86279712e-01	1.33191193e-01	1.53088519e-01
846             	-9.94244082e-03	3.00275774e-02	2.86266839e-01	1.33190979e-01	1.53075860e-01
847             	-9.93809708e-03	3.00266956e-02	2.86257670e-01	1.33190738e-01	1.53066932e-01
848             	-9.93175089e-03	3.00250910e-02	2.86243573e-01	1.33190036e-01	1.53053538e-01
849             	-9.92755969e-03	3.00241275e-02	2.86233871e-01	1.33189376e-01	1.53044495e-01
850             	-9.92132594e-03	3.00223288e-02	2.86219191e-01	1.33188270e-01	1.53030921e-01
851             	-9.91791133e-03	3.00214084e-02	2.86210891e-01	1.33187534e-01	1.53023357e-01
852             	-9.91278014e-03	3.00198571e-02	2.86198269e-01	1.33186354e-01	1.53011915e-01
853             	-9.91058414e-03	3.00192775e-02	2.86192264e-01	1.33185548e-01	1.53006716e-01
854             	-9.90703157e-03	3.00181793e-02	2.86183187e-01	1.33184562e-01	1.52998625e-01
855             	-9.90616625e-03	3.00179481e-02	2.86179938e-01	1.33183803e-01	1.52996135e-01
856             	-9.90397240e-03	3.00171706e-02	2.86173780e-01	1.33182918e-01	1.52990863e-01
857             	-9.90446652e-03	3.00172146e-02	2.86173540e-01	1.33182304e-01	1.52991237e-01
858             	-9.90368930e-03	3.00166929e-02	2.86170618e-01	1.33181620e-01	1.52988998e-01
859             	-9.90570295e-03	3.00170344e-02	2.86173885e-01	1.33181240e-01	1.52992646e-01
860             	-9.90642994e-03	3.00168549e-02	2.86174441e-01	1.33180790e-01	1.52993650e-01
861             	-9.90985036e-03	3.00175669e-02	2.86181069e-01	1.33180684e-01	1.53000385e-01
862             	-9.91178685e-03	3.00177420e-02	2.86184641e-01	1.33180534e-01	1.53004107e-01
863             	-9.91626328e-03	3.00187940e-02	2.86194105e-01	1.33180789e-01	1.53013316e-01
864             	-9.91883824e-03	3.00192007e-02	2.86199392e-01	1.33180858e-01	1.53018534e-01
865             	-9.92411604e-03	3.00205374e-02	2.86211262e-01	1.33181515e-01	1.53029747e-01
866             	-9.92749987e-03	3.00212449e-02	2.86219152e-01	1.33182076e-01	1.53037076e-01
867             	-9.93308682e-03	3.00227509e-02	2.86232196e-01	1.33183011e-01	1.53049185e-01
868             	-9.93657950e-03	3.00235653e-02	2.86240708e-01	1.33183774e-01	1.53056933e-01
869             	-9.94223805e-03	3.00251488e-02	2.86254184e-01	1.33184854e-01	1.53069330e-01
870             	-9.94583031e-03	3.00260329e-02	2.86263059e-01	1.33185699e-01	1.53077360e-01
871             	-9.95159405e-03	3.00276803e-02	2.86276893e-01	1.33186852e-01	1.53090040e-01
872             	-9.95521914e-03	3.00286048e-02	2.86286075e-01	1.33187818e-01	1.53098257e-01
873             	-9.96092896e-03	3.00302624e-02	2.86300146e-01	1.33189144e-01	1.53111002e-01
874             	-9.96440886e-03	3.00311695e-02	2.86309397e-01	1.33190289e-01	1.53119107e-01
875             	-9.96990032e-03	3.00327802e-02	2.86323340e-01	1.33191770e-01	1.53131570e-01
876             	-9.97307241e-03	3.00335886e-02	2.86332177e-01	1.33193016e-01	1.53139161e-01
877             	-9.97815340e-03	3.00350413e-02	2.86345407e-01	1.33194550e-01	1.53150857e-01
878             	-9.98083931e-03	3.00356443e-02	2.86353301e-01	1.33195811e-01	1.53157490e-01
879             	-9.98542460e-03	3.00368711e-02	2.86365547e-01	1.33197349e-01	1.53168198e-01
880             	-9.98763766e-03	3.00372474e-02	2.86372496e-01	1.33198611e-01	1.53173886e-01
881             	-9.99172574e-03	3.00382449e-02	2.86383743e-01	1.33200146e-01	1.53183597e-01
882             	-9.99341634e-03	3.00384021e-02	2.86389652e-01	1.33201410e-01	1.53188242e-01
883             	-9.99696260e-03	3.00392006e-02	2.86399847e-01	1.33202961e-01	1.53196886e-01
884             	-9.99810780e-03	3.00391793e-02	2.86404688e-01	1.33204236e-01	1.53200452e-01
885             	-1.00010852e-02	3.00397891e-02	2.86413653e-01	1.33205741e-01	1.53207912e-01
886             	-1.00016952e-02	3.00395758e-02	2.86417197e-01	1.33206903e-01	1.53210294e-01
887             	-1.00041528e-02	3.00400058e-02	2.86424750e-01	1.33208222e-01	1.53216528e-01
888             	-1.00043191e-02	3.00396620e-02	2.86427045e-01	1.33209203e-01	1.53217841e-01
889             	-1.00063464e-02	3.00399931e-02	2.86433363e-01	1.33210335e-01	1.53223028e-01
890             	-1.00061791e-02	3.00395950e-02	2.86434729e-01	1.33211185e-01	1.53223543e-01
891             	-1.00078720e-02	3.00398578e-02	2.86440079e-01	1.33212167e-01	1.53227911e-01
892             	-1.00074210e-02	3.00393872e-02	2.86440544e-01	1.33212851e-01	1.53227693e-01
893             	-1.00088347e-02	3.00395871e-02	2.86444759e-01	1.33213545e-01	1.53231214e-01
894             	-1.00081296e-02	3.00390798e-02	2.86444042e-01	1.33213891e-01	1.53230150e-01
895             	-1.00092422e-02	3.00392345e-02	2.86446987e-01	1.33214251e-01	1.53232736e-01
896             	-1.00081800e-02	3.00386801e-02	2.86445103e-01	1.33214371e-01	1.53230731e-01
897             	-1.00088540e-02	3.00387769e-02	2.86446887e-01	1.33214590e-01	1.53232298e-01
898             	-1.00073582e-02	3.00381887e-02	2.86443834e-01	1.33214559e-01	1.53229275e-01
899             	-1.00076624e-02	3.00382870e-02	2.86444447e-01	1.33214561e-01	1.53229886e-01
900             	-1.00058739e-02	3.00377067e-02	2.86440197e-01	1.33214224e-01	1.53225972e-01
901             	-1.00059867e-02	3.00378308e-02	2.86439681e-01	1.33213854e-01	1.53225827e-01
902             	-1.00040571e-02	3.00372938e-02	2.86434556e-01	1.33213221e-01	1.53221335e-01
903             	-1.00040057e-02	3.00374579e-02	2.86433511e-01	1.33212750e-01	1.53220761e-01
904             	-1.00018776e-02	3.00369520e-02	2.86428105e-01	1.33212175e-01	1.53215930e-01
905             	-1.00015980e-02	3.00371309e-02	2.86426784e-01	1.33211794e-01	1.53214990e-01
906             	-9.99924894e-03	3.00366212e-02	2.86420982e-01	1.33211242e-01	1.53209740e-01
907             	-9.99877011e-03	3.00367594e-02	2.86419195e-01	1.33210828e-01	1.53208368e-01
908             	-9.99624695e-03	3.00361579e-02	2.86412951e-01	1.33210228e-01	1.53202722e-01
909             	-9.99565251e-03	3.00361739e-02	2.86410916e-01	1.33209806e-01	1.53201111e-01
910             	-9.99306411e-03	3.00354331e-02	2.86404522e-01	1.33209197e-01	1.53195325e-01
911             	-9.99246913e-03	3.00353153e-02	2.86402447e-01	1.33208754e-01	1.53193693e-01
912             	-9.98991378e-03	3.00344631e-02	2.86396080e-01	1.33208126e-01	1.53187954e-01
913             	-9.98938109e-03	3.00342740e-02	2.86394078e-01	1.33207658e-01	1.53186420e-01
914             	-9.98691826e-03	3.00334023e-02	2.86387829e-01	1.33206996e-01	1.53180833e-01
915             	-9.98653366e-03	3.00332440e-02	2.86385999e-01	1.33206466e-01	1.53179533e-01
916             	-9.98428010e-03	3.00324205e-02	2.86380000e-01	1.33205720e-01	1.53174280e-01
917             	-9.98415254e-03	3.00323139e-02	2.86378555e-01	1.33205125e-01	1.53173430e-01
918             	-9.98216334e-03	3.00315465e-02	2.86373023e-01	1.33204348e-01	1.53168675e-01
919             	-9.98226751e-03	3.00315029e-02	2.86372028e-01	1.33203746e-01	1.53168282e-01
920             	-9.98041440e-03	3.00307859e-02	2.86366517e-01	1.33202844e-01	1.53163673e-01
921             	-9.98071210e-03	3.00307952e-02	2.86365963e-01	1.33202270e-01	1.53163694e-01
922             	-9.97902683e-03	3.00300953e-02	2.86360753e-01	1.33201350e-01	1.53159403e-01
923             	-9.97947780e-03	3.00301426e-02	2.86360397e-01	1.33200721e-01	1.53159676e-01
924             	-9.97797999e-03	3.00295476e-02	2.86355365e-01	1.33199702e-01	1.53155662e-01
925             	-9.97864772e-03	3.00297634e-02	2.86355269e-01	1.33198987e-01	1.53156282e-01
926             	-9.97743931e-03	3.00293692e-02	2.86350969e-01	1.33198045e-01	1.53152924e-01
927             	-9.97830777e-03	3.00297260e-02	2.86351124e-01	1.33197254e-01	1.53153870e-01
928             	-9.97724768e-03	3.00294475e-02	2.86347049e-01	1.33196277e-01	1.53150772e-01
929             	-9.97822931e-03	3.00299205e-02	2.86347453e-01	1.33195497e-01	1.53151956e-01
930             	-9.97726218e-03	3.00297632e-02	2.86343660e-01	1.33194568e-01	1.53149092e-01
931             	-9.97833429e-03	3.00303472e-02	2.86344354e-01	1.33193843e-01	1.53150511e-01
932             	-9.97747831e-03	3.00302856e-02	2.86340895e-01	1.33192969e-01	1.53147926e-01
933             	-9.97869195e-03	3.00309700e-02	2.86342082e-01	1.33192349e-01	1.53149733e-01
934             	-9.97797749e-03	3.00310195e-02	2.86339212e-01	1.33191629e-01	1.53147584e-01
935             	-9.97929817e-03	3.00317927e-02	2.86340968e-01	1.33191186e-01	1.53149782e-01
936             	-9.97858399e-03	3.00318524e-02	2.86338428e-01	1.33190630e-01	1.53147798e-01
937             	-9.97982952e-03	3.00325706e-02	2.86340384e-01	1.33190362e-01	1.53150021e-01
938             	-9.97898037e-03	3.00325468e-02	2.86337965e-01	1.33190002e-01	1.53147963e-01
939             	-9.98007998e-03	3.00332098e-02	2.86340063e-01	1.33189951e-01	1.53150111e-01
940             	-9.97905330e-03	3.00331567e-02	2.86337730e-01	1.33189812e-01	1.53147918e-01
941             	-9.97990462e-03	3.00337603e-02	2.86339765e-01	1.33189978e-01	1.53149787e-01
942             	-9.97852673e-03	3.00335884e-02	2.86337178e-01	1.33190062e-01	1.53147116e-01
943             	-9.97892249e-03	3.00340323e-02	2.86338757e-01	1.33190456e-01	1.53148301e-01
944             	-9.97701508e-03	3.00336688e-02	2.86335287e-01	1.33190628e-01	1.53144659e-01
945             	-9.97693521e-03	3.00339382e-02	2.86335661e-01	1.33190895e-01	1.53144766e-01
946             	-9.97426379e-03	3.00332906e-02	2.86330759e-01	1.33191116e-01	1.53139643e-01
947             	-9.97335661e-03	3.00333093e-02	2.86329802e-01	1.33191545e-01	1.53138258e-01
948             	-9.96973650e-03	3.00324732e-02	2.86323372e-01	1.33191949e-01	1.53131422e-01
949             	-9.96764639e-03	3.00322496e-02	2.86320453e-01	1.33192580e-01	1.53127873e-01
950             	-9.96303928e-03	3.00311549e-02	2.86311768e-01	1.33192845e-01	1.53118923e-01
951             	-9.96001390e-03	3.00305601e-02	2.86306172e-01	1.33193072e-01	1.53113100e-01
952             	-9.95450040e-03	3.00290060e-02	2.86294973e-01	1.33192986e-01	1.53101987e-01
953             	-9.95064161e-03	3.00279919e-02	2.86287305e-01	1.33193011e-01	1.53094294e-01
954             	-9.94449242e-03	3.00262449e-02	2.86274476e-01	1.33192746e-01	1.53081731e-01
955             	-9.94021695e-03	3.00252561e-02	2.86265574e-01	1.33192570e-01	1.53073004e-01
956             	-9.93394703e-03	3.00236802e-02	2.86251812e-01	1.33191959e-01	1.53059853e-01
957             	-9.92983641e-03	3.00228706e-02	2.86242402e-01	1.33191365e-01	1.53051038e-01
958             	-9.92365039e-03	3.00212708e-02	2.86228020e-01	1.33190360e-01	1.53037661e-01
959             	-9.91997987e-03	3.00204509e-02	2.86219168e-01	1.33189604e-01	1.53029564e-01
960             	-9.91486425e-03	3.00190782e-02	2.86206835e-01	1.33188553e-01	1.53018282e-01
961             	-9.91268618e-03	3.00186962e-02	2.86200839e-01	1.33187733e-01	1.53013106e-01
962             	-9.90915885e-03	3.00178364e-02	2.86191441e-01	1.33186562e-01	1.53004879e-01
963             	-9.90834426e-03	3.00179007e-02	2.86187676e-01	1.33185494e-01	1.53002182e-01
964             	-9.90620240e-03	3.00174667e-02	2.86180948e-01	1.33184271e-01	1.52996676e-01
965             	-9.90673679e-03	3.00178829e-02	2.86180209e-01	1.33183368e-01	1.52996841e-01
966             	-9.90594748e-03	3.00177214e-02	2.86176875e-01	1.33182490e-01	1.52994385e-01
967             	-9.90788515e-03	3.00183672e-02	2.86179789e-01	1.33182010e-01	1.52997780e-01
968             	-9.90852473e-03	3.00184217e-02	2.86180073e-01	1.33181512e-01	1.52998561e-01
969             	-9.91187202e-03	3.00192942e-02	2.86186458e-01	1.33181357e-01	1.53005101e-01
970             	-9.91375926e-03	3.00195560e-02	2.86189783e-01	1.33181132e-01	1.53008651e-01
971             	-9.91817794e-03	3.00206154e-02	2.86198945e-01	1.33181294e-01	1.53017650e-01
972             	-9.92068315e-03	3.00209672e-02	2.86203957e-01	1.33181295e-01	1.53022662e-01
973             	-9.92580609e-03	3.00221734e-02	2.86215403e-01	1.33181895e-01	1.53033508e-01
974             	-9.92897908e-03	3.00226827e-02	2.86222874e-01	1.33182458e-01	1.53040416e-01
975             	-9.93431195e-03	3.00239320e-02	2.86235548e-01	1.33183462e-01	1.53052086e-01
976             	-9.93754155e-03	3.00244518e-02	2.86243827e-01	1.33184372e-01	1.53059455e-01
977             	-9.94292698e-03	3.00257078e-02	2.86257174e-01	1.33185660e-01	1.53071514e-01
978             	-9.94626113e-03	3.00262422e-02	2.86265990e-01	1.33186734e-01	1.53079256e-01
979             	-9.95180479e-03	3.00275341e-02	2.86279795e-01	1.33188093e-01	1.53091702e-01
980             	-9.95524740e-03	3.00281028e-02	2.86288925e-01	1.33189215e-01	1.53099710e-01
981             	-9.96078636e-03	3.00294086e-02	2.86302870e-01	1.33190649e-01	1.53112222e-01
982             	-9.96410117e-03	3.00299758e-02	2.86311946e-01	1.33191872e-01	1.53120074e-01
983             	-9.96943804e-03	3.00312772e-02	2.86325696e-01	1.33193410e-01	1.53132286e-01
984             	-9.97248850e-03	3.00318293e-02	2.86334370e-01	1.33194696e-01	1.53139673e-01
985             	-9.97750083e-03	3.00330973e-02	2.86347499e-01	1.33196248e-01	1.53151250e-01
986             	-9.98018395e-03	3.00336096e-02	2.86355365e-01	1.33197498e-01	1.53157866e-01
987             	-9.98482068e-03	3.00348415e-02	2.86367617e-01	1.33198988e-01	1.53168629e-01
988             	-9.98713288e-03	3.00353119e-02	2.86374574e-01	1.33200154e-01	1.53174420e-01
989             	-9.99136746e-03	3.00364906e-02	2.86385859e-01	1.33201562e-01	1.53184297e-01
990             	-9.99323582e-03	3.00368980e-02	2.86391805e-01	1.33202667e-01	1.53189138e-01
991             	-9.99697949e-03	3.00379990e-02	2.86402014e-01	1.33204027e-01	1.53197986e-01
992             	-9.99833671e-03	3.00383222e-02	2.86406903e-01	1.33205115e-01	1.53201788e-01
993             	-1.00015235e-02	3.00393120e-02	2.86415967e-01	1.33206460e-01	1.53209507e-01
994             	-1.00023361e-02	3.00395020e-02	2.86419662e-01	1.33207495e-01	1.53212167e-01
995             	-1.00050232e-02	3.00403514e-02	2.86427447e-01	1.33208700e-01	1.53218747e-01
996             	-1.00054380e-02	3.00404157e-02	2.86430013e-01	1.33209569e-01	1.53220445e-01
997             	-1.00077496e-02	3.00411281e-02	2.86436668e-01	1.33210584e-01	1.53226084e-01
998             	-1.00078607e-02	3.00410570e-02	2.86438388e-01	1.33211333e-01	1.53227055e-01
999             	-1.00097934e-02	3.00415715e-02	2.86444101e-01	1.33212257e-01	1.53231844e-01
1000            	-1.00095018e-02	3.00412570e-02	2.86444866e-01	1.33212931e-01	1.53231935e-01
