# Force coefficients
# liftDir      : (6.9756503e-02 0.0000000e+00 9.9756405e-01)
# dragDir      : (9.9756405e-01 0.0000000e+00 -6.9756503e-02)
# pitchAxis    : (0.0000000e+00 1.0000000e+00 0.0000000e+00)
# magUInf      : 2.5000000e+01
# lRef         : 6.4150000e-01
# Aref         : 2.6040000e+00
# CofR         : (1.0700000e+00 0.0000000e+00 0.0000000e+00)
# Time         	Cm             	Cd             	Cl             	Cl(f)          	Cl(r)          
100            	1.1597719e-02	6.6188943e-02	-8.3190562e-03	7.4381904e-03	-1.5757247e-02
101            	1.1945019e-02	6.8391884e-02	-8.1948867e-03	7.8475754e-03	-1.6042462e-02
102            	1.2204282e-02	6.9908155e-02	-8.1237052e-03	8.1424297e-03	-1.6266135e-02
103            	1.2385287e-02	7.0781070e-02	-8.1140542e-03	8.3282603e-03	-1.6442314e-02
104            	1.2490118e-02	7.1120306e-02	-8.1483936e-03	8.4159216e-03	-1.6564315e-02
105            	1.2545628e-02	7.1072517e-02	-8.2115577e-03	8.4398489e-03	-1.6651407e-02
106            	1.2607588e-02	7.0767229e-02	-8.3165888e-03	8.4492935e-03	-1.6765882e-02
107            	1.2701883e-02	7.0363610e-02	-8.4858552e-03	8.4589553e-03	-1.6944811e-02
108            	1.2866237e-02	6.9979442e-02	-8.7861312e-03	8.4731716e-03	-1.7259303e-02
109            	1.3146894e-02	6.9695130e-02	-9.3474422e-03	8.4731727e-03	-1.7820615e-02
110            	1.3644475e-02	6.9556224e-02	-1.0470903e-02	8.4090233e-03	-1.8879927e-02
111            	1.4499842e-02	6.9584886e-02	-1.2603464e-02	8.1981100e-03	-2.0801574e-02
112            	1.5763803e-02	6.9767439e-02	-1.5940203e-02	7.7937016e-03	-2.3733905e-02
113            	1.7245137e-02	7.0039848e-02	-1.9974048e-02	7.2581127e-03	-2.7232161e-02
114            	1.8716798e-02	7.0328767e-02	-2.4067428e-02	6.6830842e-03	-3.0750513e-02
115            	2.0290027e-02	7.0627223e-02	-2.8502128e-02	6.0389627e-03	-3.4541091e-02
116            	2.2049135e-02	7.0938256e-02	-3.3485056e-02	5.3066065e-03	-3.8791663e-02
117            	2.4409574e-02	7.1330246e-02	-4.0102982e-02	4.3580835e-03	-4.4461065e-02
118            	2.7435685e-02	7.1822109e-02	-4.8438663e-02	3.2163537e-03	-5.1655017e-02
119            	3.1426491e-02	7.2480817e-02	-5.9129870e-02	1.8615559e-03	-6.0991426e-02
120            	3.6277058e-02	7.3312581e-02	-7.1693332e-02	4.3039185e-04	-7.2123724e-02
121            	4.1084332e-02	7.4181727e-02	-8.3737698e-02	-7.8451688e-04	-8.2953181e-02
122            	4.4973333e-02	7.4938575e-02	-9.3176386e-02	-1.6148599e-03	-9.1561526e-02
123            	4.7800497e-02	7.5552593e-02	-9.9783351e-02	-2.0911784e-03	-9.7692173e-02
124            	4.9836864e-02	7.6084965e-02	-1.0421314e-01	-2.2697075e-03	-1.0194344e-01
125            	5.0828924e-02	7.6505454e-02	-1.0590557e-01	-2.1238601e-03	-1.0378171e-01
126            	5.0335911e-02	7.6715033e-02	-1.0409568e-01	-1.7119278e-03	-1.0238375e-01
127            	4.8125118e-02	7.6661554e-02	-9.8496653e-02	-1.1232087e-03	-9.7373445e-02
128            	4.4062221e-02	7.6308204e-02	-8.9091274e-02	-4.8341621e-04	-8.8607858e-02
129            	3.8638367e-02	7.5699501e-02	-7.7242094e-02	1.7319923e-05	-7.7259413e-02
130            	3.2225450e-02	7.4887511e-02	-6.3896315e-02	2.7729265e-04	-6.4173608e-02
131            	2.4512333e-02	7.3838008e-02	-4.8583534e-02	2.2056601e-04	-4.8804100e-02
132            	1.4986154e-02	7.2480475e-02	-3.0605728e-02	-3.1671051e-04	-3.0289018e-02
133            	3.2090211e-03	7.0748396e-02	-9.6446622e-03	-1.6133100e-03	-8.0313522e-03
134            	-1.1487871e-02	6.8535854e-02	1.4666793e-02	-4.1544750e-03	1.8821268e-02
135            	-2.7617535e-02	6.6046549e-02	3.8930634e-02	-8.1522176e-03	4.7082852e-02
136            	-4.1750244e-02	6.3768803e-02	5.7296490e-02	-1.3101999e-02	7.0398489e-02
137            	-4.9309253e-02	6.2397001e-02	6.3822869e-02	-1.7397818e-02	8.1220688e-02
138            	-4.9579987e-02	6.2068000e-02	5.8767120e-02	-2.0196428e-02	7.8963547e-02
139            	-4.4312391e-02	6.2582796e-02	4.6194712e-02	-2.1215035e-02	6.7409747e-02
140            	-3.4826671e-02	6.3730343e-02	2.8212677e-02	-2.0720333e-02	4.8933010e-02
141            	-2.2729270e-02	6.5286276e-02	7.5486378e-03	-1.8954951e-02	2.6503589e-02
142            	-9.5769804e-03	6.7030631e-02	-1.3437035e-02	-1.6295498e-02	2.8584628e-03
143            	5.2309825e-03	6.9028520e-02	-3.5793561e-02	-1.2665798e-02	-2.3127763e-02
144            	2.2705999e-02	7.1417875e-02	-6.1033193e-02	-7.8105980e-03	-5.3222595e-02
145            	4.2391022e-02	7.4163072e-02	-8.8682161e-02	-1.9500590e-03	-8.6732102e-02
146            	6.2857553e-02	7.7125476e-02	-1.1735166e-01	4.1817246e-03	-1.2153338e-01
147            	8.0506273e-02	7.9876898e-02	-1.4305492e-01	8.9788147e-03	-1.5203373e-01
148            	9.2429446e-02	8.2062565e-02	-1.6280237e-01	1.1028260e-02	-1.7383063e-01
149            	9.6629237e-02	8.3339097e-02	-1.7388018e-01	9.6891467e-03	-1.8356933e-01
150            	9.4288925e-02	8.3799968e-02	-1.7761094e-01	5.4834553e-03	-1.8309439e-01
151            	8.7384576e-02	8.3659542e-02	-1.7622415e-01	-7.2749979e-04	-1.7549665e-01
152            	7.6983266e-02	8.3089522e-02	-1.7134596e-01	-8.6897136e-03	-1.6265624e-01
153            	6.3804954e-02	8.2185779e-02	-1.6384122e-01	-1.8115655e-02	-1.4572556e-01
154            	4.9012591e-02	8.1056906e-02	-1.5463934e-01	-2.8307078e-02	-1.2633226e-01
155            	3.3121137e-02	7.9751444e-02	-1.4409038e-01	-3.8924053e-02	-1.0516633e-01
156            	1.7416862e-02	7.8369454e-02	-1.3298443e-01	-4.9075353e-02	-8.3909076e-02
157            	2.6620621e-03	7.6954426e-02	-1.2160342e-01	-5.8139650e-02	-6.3463774e-02
158            	-1.0065115e-02	7.5564608e-02	-1.1036288e-01	-6.5246555e-02	-4.5116325e-02
159            	-1.8928501e-02	7.4360340e-02	-1.0060170e-01	-6.9229348e-02	-3.1372347e-02
160            	-2.2877824e-02	7.3487001e-02	-9.3579746e-02	-6.9667697e-02	-2.3912049e-02
161            	-2.2239689e-02	7.3000323e-02	-8.9821821e-02	-6.7150600e-02	-2.2671221e-02
162            	-1.8304874e-02	7.2858011e-02	-8.9021424e-02	-6.2815586e-02	-2.6205838e-02
163            	-1.2223791e-02	7.2976989e-02	-9.0529260e-02	-5.7488420e-02	-3.3040839e-02
164            	-4.7438557e-03	7.3304894e-02	-9.3974004e-02	-5.1730858e-02	-4.2243146e-02
165            	3.6846764e-03	7.3819110e-02	-9.9253016e-02	-4.5941832e-02	-5.3311184e-02
166            	1.2746353e-02	7.4520559e-02	-1.0648594e-01	-4.0496618e-02	-6.5989325e-02
167            	2.1747898e-02	7.5391240e-02	-1.1560487e-01	-3.6054537e-02	-7.9550332e-02
168            	2.9723308e-02	7.6369282e-02	-1.2608418e-01	-3.3318782e-02	-9.2765397e-02
169            	3.6278521e-02	7.7423218e-02	-1.3768028e-01	-3.2561617e-02	-1.0511866e-01
170            	4.1202399e-02	7.8523399e-02	-1.5014874e-01	-3.3871970e-02	-1.1627677e-01
171            	4.4305593e-02	7.9596428e-02	-1.6273648e-01	-3.7062645e-02	-1.2567383e-01
172            	4.5815958e-02	8.0619018e-02	-1.7520002e-01	-4.1784054e-02	-1.3341597e-01
173            	4.6037571e-02	8.1573562e-02	-1.8733820e-01	-4.7631527e-02	-1.3970667e-01
174            	4.5299605e-02	8.2447225e-02	-1.9898512e-01	-5.4192954e-02	-1.4479216e-01
175            	4.3869694e-02	8.3271752e-02	-2.1053568e-01	-6.1398144e-02	-1.4913753e-01
176            	4.2133578e-02	8.3958872e-02	-2.2078675e-01	-6.8259796e-02	-1.5252695e-01
177            	4.0254048e-02	8.4549468e-02	-2.3021332e-01	-7.4852613e-02	-1.5536071e-01
178            	3.8293809e-02	8.5075777e-02	-2.3923690e-01	-8.1324641e-02	-1.5791226e-01
179            	3.6468023e-02	8.5505917e-02	-2.4730047e-01	-8.7182211e-02	-1.6011826e-01
180            	3.4749324e-02	8.5866237e-02	-2.5478070e-01	-9.2641024e-02	-1.6213967e-01
181            	3.3185128e-02	8.6152672e-02	-2.6156529e-01	-9.7597515e-02	-1.6396777e-01
182            	3.1722328e-02	8.6372597e-02	-2.6781153e-01	-1.0218344e-01	-1.6562809e-01
183            	3.0378363e-02	8.6512633e-02	-2.7324130e-01	-1.0624229e-01	-1.6699901e-01
184            	2.9034835e-02	8.6559570e-02	-2.7777663e-01	-1.0985348e-01	-1.6792315e-01
185            	2.7724078e-02	8.6490572e-02	-2.8072868e-01	-1.1264026e-01	-1.6808842e-01
186            	2.6390195e-02	8.6298019e-02	-2.8169467e-01	-1.1445714e-01	-1.6723753e-01
187            	2.5063644e-02	8.6018102e-02	-2.8072013e-01	-1.1529642e-01	-1.6542371e-01
188            	2.3807970e-02	8.5641144e-02	-2.7847984e-01	-1.1543195e-01	-1.6304789e-01
189            	2.2617988e-02	8.5232011e-02	-2.7553870e-01	-1.1515136e-01	-1.6038734e-01
190            	2.1521030e-02	8.4845769e-02	-2.7244546e-01	-1.1470170e-01	-1.5774376e-01
191            	2.0600829e-02	8.4532827e-02	-2.6992948e-01	-1.1436391e-01	-1.5556557e-01
192            	1.9808558e-02	8.4274450e-02	-2.6779093e-01	-1.1408691e-01	-1.5370402e-01
193            	1.9213604e-02	8.4093445e-02	-2.6648783e-01	-1.1403031e-01	-1.5245752e-01
194            	1.8800991e-02	8.3978054e-02	-2.6590191e-01	-1.1414997e-01	-1.5175195e-01
195            	1.8582430e-02	8.3926012e-02	-2.6608563e-01	-1.1446039e-01	-1.5162525e-01
196            	1.8553261e-02	8.3931473e-02	-2.6701522e-01	-1.1495435e-01	-1.5206087e-01
197            	1.8736456e-02	8.3994770e-02	-2.6869081e-01	-1.1560895e-01	-1.5308186e-01
198            	1.9152714e-02	8.4117262e-02	-2.7116168e-01	-1.1642813e-01	-1.5473356e-01
199            	1.9816183e-02	8.4296712e-02	-2.7444260e-01	-1.1740512e-01	-1.5703748e-01
200            	2.0856122e-02	8.4560605e-02	-2.7887666e-01	-1.1858221e-01	-1.6029445e-01
201            	2.2315989e-02	8.4911275e-02	-2.8454691e-01	-1.1995747e-01	-1.6458944e-01
202            	2.4207321e-02	8.5348305e-02	-2.9145634e-01	-1.2152085e-01	-1.6993549e-01
203            	2.6317711e-02	8.5820179e-02	-2.9898676e-01	-1.2317567e-01	-1.7581109e-01
204            	2.8766002e-02	8.6360006e-02	-3.0753718e-01	-1.2500259e-01	-1.8253459e-01
205            	3.1262508e-02	8.6902441e-02	-3.1632982e-01	-1.2690240e-01	-1.8942742e-01
206            	3.3505215e-02	8.7396897e-02	-3.2454367e-01	-1.2876662e-01	-1.9577705e-01
207            	3.5619706e-02	8.7865431e-02	-3.3265268e-01	-1.3070663e-01	-2.0194605e-01
208            	3.7352921e-02	8.8270523e-02	-3.3991126e-01	-1.3260271e-01	-2.0730855e-01
209            	3.8849181e-02	8.8635718e-02	-3.4684723e-01	-1.3457444e-01	-2.1227280e-01
210            	3.9938494e-02	8.8932984e-02	-3.5282138e-01	-1.3647220e-01	-2.1634919e-01
211            	4.0753705e-02	8.9183675e-02	-3.5834683e-01	-1.3841971e-01	-2.1992712e-01
212            	4.1273035e-02	8.9395830e-02	-3.6333800e-01	-1.4039596e-01	-2.2294203e-01
213            	4.1502825e-02	8.9556154e-02	-3.6773167e-01	-1.4236301e-01	-2.2536866e-01
214            	4.1440585e-02	8.9683917e-02	-3.7173976e-01	-1.4442929e-01	-2.2731046e-01
215            	4.1045283e-02	8.9760603e-02	-3.7512300e-01	-1.4651622e-01	-2.2860678e-01
216            	4.0294102e-02	8.9774887e-02	-3.7764132e-01	-1.4852656e-01	-2.2911476e-01
217            	3.9098206e-02	8.9711493e-02	-3.7909109e-01	-1.5044734e-01	-2.2864375e-01
218            	3.7451503e-02	8.9553883e-02	-3.7912087e-01	-1.5210893e-01	-2.2701194e-01
219            	3.5489969e-02	8.9300746e-02	-3.7761797e-01	-1.5331902e-01	-2.2429895e-01
220            	3.3076455e-02	8.8926282e-02	-3.7419599e-01	-1.5402154e-01	-2.2017445e-01
221            	3.0450758e-02	8.8453346e-02	-3.6907778e-01	-1.5408813e-01	-2.1498965e-01
222            	2.7888998e-02	8.7922205e-02	-3.6281969e-01	-1.5352085e-01	-2.0929884e-01
223            	2.5826474e-02	8.7424255e-02	-3.5673775e-01	-1.5254240e-01	-2.0419535e-01
224            	2.4462139e-02	8.7024489e-02	-3.5184986e-01	-1.5146279e-01	-2.0038707e-01
225            	2.3643311e-02	8.6714169e-02	-3.4806866e-01	-1.5039102e-01	-1.9767764e-01
226            	2.3273667e-02	8.6491348e-02	-3.4544234e-01	-1.4944751e-01	-1.9599484e-01
227            	2.3196017e-02	8.6319498e-02	-3.4341740e-01	-1.4851269e-01	-1.9490472e-01
228            	2.3368699e-02	8.6195999e-02	-3.4198636e-01	-1.4762448e-01	-1.9436188e-01
229            	2.3805119e-02	8.6100749e-02	-3.4081169e-01	-1.4660072e-01	-1.9421096e-01
230            	2.4479910e-02	8.6043824e-02	-3.4011218e-01	-1.4557618e-01	-1.9453600e-01
231            	2.5434453e-02	8.6024074e-02	-3.3983782e-01	-1.4448446e-01	-1.9535336e-01
232            	2.6574477e-02	8.6043312e-02	-3.4007130e-01	-1.4346117e-01	-1.9661012e-01
233            	2.7947246e-02	8.6103252e-02	-3.4081407e-01	-1.4245979e-01	-1.9835428e-01
234            	2.9508775e-02	8.6201649e-02	-3.4209430e-01	-1.4153837e-01	-2.0055592e-01
235            	3.1093940e-02	8.6329256e-02	-3.4380416e-01	-1.4080814e-01	-2.0299602e-01
236            	3.2741540e-02	8.6489003e-02	-3.4600180e-01	-1.4025936e-01	-2.0574244e-01
237            	3.4287307e-02	8.6665433e-02	-3.4848855e-01	-1.3995697e-01	-2.0853158e-01
238            	3.5685124e-02	8.6848718e-02	-3.5117417e-01	-1.3990196e-01	-2.1127221e-01
239            	3.6826360e-02	8.7021237e-02	-3.5378721e-01	-1.4006725e-01	-2.1371997e-01
240            	3.7661823e-02	8.7165462e-02	-3.5605992e-01	-1.4036813e-01	-2.1569178e-01
241            	3.8287091e-02	8.7291496e-02	-3.5811601e-01	-1.4077092e-01	-2.1734510e-01
242            	3.8766653e-02	8.7406050e-02	-3.6009363e-01	-1.4128016e-01	-2.1881347e-01
243            	3.9100561e-02	8.7507578e-02	-3.6193795e-01	-1.4186841e-01	-2.2006954e-01
244            	3.9296961e-02	8.7593345e-02	-3.6359975e-01	-1.4250291e-01	-2.2109684e-01
245            	3.9356855e-02	8.7667023e-02	-3.6514962e-01	-1.4321796e-01	-2.2193167e-01
246            	3.9271381e-02	8.7719921e-02	-3.6648701e-01	-1.4397212e-01	-2.2251488e-01
247            	3.9033660e-02	8.7747914e-02	-3.6750258e-01	-1.4471763e-01	-2.2278495e-01
248            	3.8685658e-02	8.7746558e-02	-3.6806928e-01	-1.4534898e-01	-2.2272030e-01
249            	3.8174222e-02	8.7711354e-02	-3.6816107e-01	-1.4590631e-01	-2.2225476e-01
250            	3.7521598e-02	8.7633979e-02	-3.6765208e-01	-1.4630444e-01	-2.2134764e-01
