# Selection     : patch(aircraftGroup)
# Faces         : 56879
# Area          : 1.00955979e+01
# Time          	max(yPlus)
0               	5.71186726e+01
25              	8.63262368e+01
50              	1.18470010e+02
75              	1.31451939e+02
100             	1.34615320e+02
125             	1.38105537e+02
150             	1.39604339e+02
175             	1.41263713e+02
200             	1.41599431e+02
225             	1.42564903e+02
250             	1.42826360e+02
275             	1.43490224e+02
300             	1.43679602e+02
325             	1.43775481e+02
350             	1.43835558e+02
375             	1.43874938e+02
400             	1.43903880e+02
425             	1.43918921e+02
450             	1.43930156e+02
475             	1.43935421e+02
500             	1.43939487e+02
525             	1.43941113e+02
550             	1.43942429e+02
575             	1.43942896e+02
600             	1.43943278e+02
625             	1.43943400e+02
650             	1.43943494e+02
675             	1.43943543e+02
700             	1.43943557e+02
725             	1.43943569e+02
750             	1.43943564e+02
775             	1.43943573e+02
800             	1.43943582e+02
825             	1.43943575e+02
850             	1.43943601e+02
875             	1.43943592e+02
900             	1.43943613e+02
925             	1.43943605e+02
950             	1.43943614e+02
975             	1.43943621e+02
1000            	1.43943618e+02
