# Selection     : patch(aircraftGroup)
# Faces         : 39112
# Area          : 1.00651179e+01
# Time          	max(yPlus)
0               	5.84235728e+01
25              	1.01901367e+02
50              	1.27468336e+02
75              	1.35079820e+02
100             	1.39423883e+02
125             	1.41835081e+02
150             	1.43231332e+02
175             	1.43987261e+02
200             	1.44420865e+02
225             	1.45411228e+02
250             	1.46913758e+02
275             	1.47597166e+02
300             	1.47938385e+02
325             	1.50465086e+02
350             	1.52104039e+02
375             	1.53062712e+02
400             	1.53640916e+02
425             	1.53963323e+02
450             	1.54133907e+02
475             	1.54222393e+02
500             	1.54263899e+02
525             	1.54277884e+02
550             	1.54281728e+02
575             	1.54283066e+02
600             	1.54283632e+02
625             	1.54282804e+02
650             	1.54281499e+02
675             	1.54281172e+02
700             	1.54282441e+02
725             	1.54283388e+02
750             	1.54283269e+02
775             	1.54282741e+02
800             	1.54282906e+02
825             	1.54283295e+02
850             	1.54283181e+02
875             	1.54283091e+02
900             	1.54283526e+02
925             	1.54284011e+02
950             	1.54283329e+02
975             	1.54282458e+02
1000            	1.54282617e+02
