# Selection     : patch(aircraftGroup)
# Faces         : 39112
# Area          : 1.00651179e+01
# Time          	min(yPlus)
0               	5.22980589e+00
25              	4.61097186e+00
50              	4.30058205e+00
75              	3.76063678e+00
100             	2.64933647e+00
125             	2.71431514e+00
150             	3.77472930e+00
175             	2.78577620e+00
200             	2.93423544e+00
225             	3.18520756e+00
250             	4.58799584e+00
275             	5.13570027e+00
300             	5.59147037e+00
325             	5.41749063e+00
350             	5.03381925e+00
375             	4.86824536e+00
400             	4.97410337e+00
425             	4.52640418e+00
450             	4.80800531e+00
475             	4.42563421e+00
500             	4.67325363e+00
525             	4.39011065e+00
550             	4.62962051e+00
575             	4.38372174e+00
600             	4.63458311e+00
625             	4.39139858e+00
650             	4.63857726e+00
675             	4.38650951e+00
700             	4.62417597e+00
725             	4.38461387e+00
750             	4.64156233e+00
775             	4.39328634e+00
800             	4.63544990e+00
825             	4.38527609e+00
850             	4.62658171e+00
875             	4.38643375e+00
900             	4.64044460e+00
925             	4.39154457e+00
950             	4.63459958e+00
975             	4.38668016e+00
1000            	4.62772836e+00
