# Selection     : patch(aircraftGroup)
# Faces         : 56879
# Area          : 1.00955979e+01
# Time          	min(yPlus)
0               	6.52901742e+00
25              	2.98021609e+00
50              	3.46768297e+00
75              	3.14602122e+00
100             	1.63044235e+00
125             	1.51218536e+00
150             	1.31578826e+00
175             	2.01152269e+00
200             	2.43231094e+00
225             	2.46243282e+00
250             	1.73174193e+00
275             	3.24237906e+00
300             	1.94998486e+00
325             	9.93716848e-01
350             	1.17871772e+00
375             	2.08991766e+00
400             	2.79182735e+00
425             	2.84641354e+00
450             	2.86462011e+00
475             	2.94718933e+00
500             	3.04689159e+00
525             	3.11200353e+00
550             	3.13876940e+00
575             	3.14547280e+00
600             	3.14610943e+00
625             	3.14778660e+00
650             	3.14982607e+00
675             	3.15071026e+00
700             	3.15447493e+00
725             	3.15780834e+00
750             	3.16255122e+00
775             	3.16766361e+00
800             	3.17115422e+00
825             	3.17443780e+00
850             	3.17441610e+00
875             	3.17333546e+00
900             	3.16935867e+00
925             	3.16361129e+00
950             	3.15749725e+00
975             	3.14889310e+00
1000            	3.14060595e+00
