# Selection     : patch(aircraftGroup)
# Faces         : 88869
# Area          : 1.01287655e+01
# Time          	min(yPlus)
0               	4.06460430e+00
25              	1.99342599e+00
50              	2.48466247e+00
75              	1.12717560e+00
100             	2.51032186e+00
125             	1.43075768e+00
150             	7.49388314e-01
175             	1.43017005e+00
200             	1.33246117e+00
225             	1.78030631e+00
250             	2.47746072e+00
275             	3.48893431e+00
300             	3.41285124e+00
325             	3.03618312e+00
350             	3.99383717e+00
375             	3.78634117e+00
400             	3.52194193e+00
425             	3.31236859e+00
450             	4.10637320e+00
475             	3.99655654e+00
500             	4.64368488e+00
525             	3.13702106e+00
550             	3.31550859e+00
575             	4.62261417e+00
600             	4.27652111e+00
625             	4.61142248e+00
650             	3.47066666e+00
675             	4.40953709e+00
700             	3.23521358e+00
725             	4.23174987e+00
750             	3.11940075e+00
775             	3.24469201e+00
800             	3.12938893e+00
825             	3.74858546e+00
850             	4.53816617e+00
875             	3.99337640e+00
900             	3.68958137e+00
925             	3.04212678e+00
950             	4.26818436e+00
975             	4.56542543e+00
1000            	3.83575097e+00
